87.3696 6.44905948035 6.33360620593 80.6502 0.178287699022 0.181537648257
84.5605 6.40191200218 6.32412112707 80.1217 0.163016637004 0.165021849522
90.233 6.4955832471 6.4955832471 90.233 0.27952539711 0.27952539711
78.6014 6.296483104 6.13236914215 70.1499 0.245294765686 0.25185932416
165.106 7.36724873894 7.21517379798 148.588 0.361663982891 0.369286810889
108.177 6.75724998364 6.71559140505 105.098 0.225107135341 0.226503534068
258.905 8.01627901676 7.66333038592 202.718 0.452352089918 0.473185988857
94.4478 6.56144528678 6.37798265371 83.1695 0.258025559611 0.265447663297
134.14 7.06759569694 6.77269066494 109.341 0.3016796197 0.314815733883
80.3659 6.32851157718 6.32851157718 80.3659 0.357138569614 0.357138569614
103.859 6.69848242948 6.69848242948 103.859 0.384184315595 0.384184315595
119.007 6.89490262523 6.75863630612 108.281 0.387634377033 0.395449786433
50.3085 5.65273026971 5.65273026971 50.3085 0.326360534287 0.326360534287
141.991 7.14965567819 6.68992810556 103.245 0.310572115486 0.331914432253
126.676 6.98499940754 6.71531683611 105.078 0.308119868026 0.320493753033
122.185 6.93292337384 6.79245194508 110.849 0.304683110195 0.310984114921
161.431 7.33477383934 7.2362725619 150.777 0.377730353019 0.382872077848
102.643 6.68149143232 6.68149143232 102.643 0.257552567551 0.257552567551
67.3546 6.07370457317 5.75887877565 54.1496 0.283719593353 0.299229947143
112.527 6.81412739648 6.73529199925 106.543 0.293393927686 0.296828051528
98.01 6.61485705038 6.38571402617 83.6164 0.340359701205 0.352573065433
137.752 7.10592945499 6.93433957424 122.305 0.321572297699 0.329529587881
91.8191 6.52072238588 6.46359630188 88.2544 0.340189279046 0.343195915046
203.278 7.66731027604 7.02653450821 130.376 0.371883641914 0.40579709184
94.2126 6.55784811377 6.38147546522 83.3711 0.26823342082 0.275646916196
196.656 7.61953039354 7.27439213165 154.814 0.373168442583 0.390873661841
184.413 7.52679655039 7.36690791696 165.067 0.188215704987 0.192300668747
130.038 7.02278946226 6.83517879243 114.181 0.344789160506 0.354252866916
119.073 6.89570250657 6.74646057597 107.371 0.180371172988 0.184361256644
139.474 7.12385239737 6.98752552126 126.898 0.391226320947 0.398859160644
108.573 6.76252156723 6.65135311835 100.521 0.304225810434 0.309310536933
131.951 7.04385847405 6.95621931826 124.174 0.331248538965 0.335421832097
125.976 6.97700509827 6.90097545875 119.509 0.31597396027 0.319455118324
166.469 7.37910973217 7.2517853566 152.407 0.344154502735 0.350197050191
86.6068 6.43640839861 6.37356817538 82.9154 0.364949452086 0.368547672801
90.2559 6.49594933849 6.4416079704 86.9195 0.330883175919 0.333674504504
122.188 6.93295879579 6.71960786121 105.391 0.211333502939 0.218043448116
105.86 6.72601374886 6.39555984027 84.189 0.268115816037 0.281969164544
136.409 7.09179502348 6.90134963765 119.54 0.340005092841 0.349387663569
133.544 7.06117134834 6.7845301564 110.242 0.131546397434 0.136910240079
63.4745 5.98810522044 5.9412918018 61.4479 0.294861361236 0.297184672194
84.2982 6.39742992085 6.35657345522 81.9444 0.203992149875 0.205303296253
121.0 6.91886323727 6.81887611862 112.898 0.290757854646 0.295021319711
100.82 6.65563804923 6.57803901186 95.5404 0.309747759626 0.313401755586
111.229 6.7973891712 6.71188030804 104.828 0.301981771675 0.305828997311
132.341 7.04811627583 7.00197108751 128.175 0.324708634027 0.326848565894
136.756 7.09546032064 6.99640004571 127.681 0.348515510474 0.353450054248
107.469 6.7477767566 6.70716583941 104.486 0.129463632692 0.130247516227
210.418 7.71711431361 7.34849801274 162.974 0.38049080426 0.399577032839
75.0404 6.22959561299 6.22959561299 75.0404 0.326519531 0.326519531
105.241 6.71755305194 6.63912360968 99.6725 0.290031461523 0.293457667616
217.477 7.76471902181 7.4504194734 174.904 0.222524543504 0.231911848982
85.5192 6.41817645214 6.32161968586 79.9829 0.332256954135 0.3373318651
186.637 7.54409121254 7.17979964003 144.989 0.32737068473 0.343980950686
229.807 7.84427893341 7.48964729349 179.725 0.227481836145 0.238253005125
73.8885 6.20727793579 6.16615906469 71.8123 0.266835799399 0.268615186977
161.05 7.3313648505 7.19715770608 146.744 0.239241617266 0.243702813698
91.7412 6.51949787328 6.43942699748 86.7882 0.163932197656 0.165970608006
100.232 6.64719936568 6.64719936568 100.232 0.339656020926 0.339656020926
51.175 5.67736729214 5.67736729214 51.175 0.393654593874 0.393654593874
141.936 7.14909674418 6.3352974475 80.7448 0.34665205315 0.391181169483
121.897 6.92951881009 6.8374765605 114.363 0.308570997536 0.312724806111
149.834 7.22722122389 7.05736362123 133.192 0.196265168738 0.200988905934
192.114 7.5858188467 7.09397208656 136.615 0.225461233123 0.241093149304
135.852 7.08589199471 6.8359493313 114.242 0.105280644261 0.109130018116
91.4212 6.51445685085 6.48667093709 89.6773 0.258640507877 0.259748404812
93.788 6.55133143929 6.34282671849 81.1673 0.290418085027 0.299964860372
152.686 7.25442397518 7.03109739794 130.789 0.329985751326 0.340466986929
137.435 7.10260564587 6.91452864701 120.637 0.206611061474 0.212230936719
112.861 6.81840322746 6.67705715337 102.328 0.341181682607 0.348404129605
99.0079 6.62947173964 6.61148963181 97.7815 0.213384910314 0.213965280348
96.1093 6.58660413478 6.58660413478 96.1093 0.280853743977 0.280853743977
123.493 6.94828545708 6.85946024262 116.119 0.189664509092 0.192120531884
98.0235 6.61505575503 6.4755502457 88.9887 0.285902527674 0.292061846377
120.817 6.91667965843 6.79639009733 111.152 0.236907265991 0.241100296503
95.7108 6.58060982239 6.50940607052 91.1017 0.188381912305 0.190442545609
88.1103 6.4612387734 6.39593850466 84.2111 0.172048249373 0.173804801115
72.3985 6.1778879018 6.1778879018 72.3985 0.364035535731 0.364035535731
96.3496 6.590206772 6.590206772 96.3496 0.19709614922 0.19709614922
150.287 7.23157640963 7.09131901393 136.364 0.216484677127 0.220766472512
250.651 7.9695361797 7.18216588791 145.227 0.373383024996 0.414316457324
112.248 6.81054592948 6.71299463984 104.909 0.105484534042 0.107017404674
113.482 6.8263196717 6.66446861814 101.439 0.307082504326 0.314540207213
52.1403 5.70432697863 5.65333522679 50.3296 0.271996217917 0.274449559721
120.419 6.91191923173 6.91191923173 120.419 0.34602876822 0.34602876822
118.073 6.88353528813 6.80874542196 112.108 0.195013754424 0.197155860155
125.774 6.97468990891 6.76309282902 108.616 0.397828989942 0.410275876995
164.394 7.36101383473 7.07163397406 134.516 0.281294495955 0.292805408757
126.901 6.98755962766 6.68748066652 103.07 0.172727593794 0.180478183215
101.807 6.66969295078 6.62614560309 98.7799 0.335098586682 0.337300870715
169.054 7.40134034213 6.88718405251 118.372 0.302023000185 0.324570245034
91.0136 6.50801023566 6.50801023566 91.0136 0.351912889721 0.351912889721
115.634 6.8534218473 6.7599680534 108.381 0.210735138097 0.213648465202
104.154 6.70257443644 6.58654709192 96.1055 0.251475536529 0.255905481128
94.1688 6.55717724028 6.50042763021 90.5365 0.180986871286 0.182566911086
89.4849 6.48357235231 6.4487556174 87.3512 0.288397118616 0.289954170336
91.4728 6.5152709078 6.5152709078 91.4728 0.326992073491 0.326992073491
124.756 6.96296539181 6.6466955032 100.197 0.282646243451 0.296095407158
109.879 6.77977187551 6.60827256674 97.5637 0.345419940494 0.354384352968
275.651 8.10669902499 6.9669956398 125.105 0.326259463279 0.379630964278
106.731 6.73783545732 6.69278983497 103.45 0.307086258326 0.309153093228
214.918 7.74764250746 6.97023246249 125.386 0.309558891426 0.344084883636
130.271 7.02537214695 6.88580617259 118.259 0.33801093105 0.344861955281
343.048 8.42226664523 7.62007316544 196.73 0.341463643412 0.377410792788
99.7903 6.64082768177 6.58135878002 95.7605 0.082531769073 0.0832775229258
132.399 7.04874841539 6.92535860576 121.546 0.326827879544 0.332651004689
201.333 7.65343985003 7.46688809961 176.912 0.26366498498 0.270252356294
271.435 8.08446294985 7.70521766092 208.69 0.349875910851 0.367096552336
116.826 6.86821757612 6.79868563786 111.329 0.295316032836 0.298336307233
81.8841 6.35551143591 6.28073551413 77.7481 0.187089126511 0.189316534727
109.854 6.77944359185 6.76088624278 108.45 0.224244441678 0.224859950094
144.058 7.17050596995 7.02296696192 130.054 0.200004186794 0.204205889504
98.1184 6.61645180319 6.61645180319 98.1184 0.365332434914 0.365332434914
85.1489 6.41191598739 6.36905287971 82.6563 0.0834071600332 0.0839684821244
102.518 6.67973342859 6.64002363369 99.7347 0.296950884343 0.298726760358
81.0384 6.34053378513 6.19875736647 73.4534 0.244075832949 0.249658273983
104.155 6.70258828793 6.53411608854 92.6755 0.166558781961 0.170853245657
88.063 6.4604640876 6.4604640876 88.063 0.284130885698 0.284130885698
88.9426 6.47480267354 6.29926114523 78.7529 0.254010725642 0.261089243258
103.181 6.68903352362 6.68903352362 103.181 0.338712378856 0.338712378856
117.663 6.87851691535 6.79939819823 111.384 0.287583901915 0.290930267096
108.598 6.7628537237 6.69942670163 103.927 0.0791682058785 0.0799177332285
60.3358 5.91494236827 5.91494236827 60.3358 0.328101969234 0.328101969234
112.375 6.81217730551 6.70224196078 104.13 0.291954245398 0.296743104231
90.6996 6.50302428314 6.45581379093 87.7796 0.228247485482 0.229916628441
109.756 6.77815599909 6.77815599909 109.756 0.308097999959 0.308097999959
79.4482 6.31194262874 6.27888243407 77.6483 0.269950240574 0.271371609361
107.131 6.74323219624 6.68466447537 102.869 0.219671704658 0.221596359385
189.362 7.56500303847 7.40483501749 169.464 0.356678352233 0.364393374333
119.953 6.90632542937 6.82925338652 113.713 0.314675385657 0.318226677933
100.645 6.65313169135 6.57787440847 95.5295 0.168002018543 0.169924125085
113.621 6.82808569536 6.77543250476 109.549 0.0820676943705 0.0827054582255
113.133 6.82187600321 6.69059867817 103.293 0.199652660705 0.203570078038
62.9562 5.97627655812 5.97627655812 62.9562 0.383378319953 0.383378319953
103.985 6.70023162212 6.62876922162 98.9597 0.295856449368 0.299045972395
204.545 7.67627446147 7.33398717644 161.343 0.330978207958 0.346425416888
87.1957 6.44618508606 6.44618508606 87.1957 0.281067026375 0.281067026375
87.7156 6.45476154008 6.21880053789 74.481 0.340788170228 0.353718753496
71.2954 6.15573709145 6.07511970117 67.4207 0.346162071603 0.350755673738
87.9935 6.459325052 6.15107541284 71.0654 0.370923803665 0.389511956299
151.683 7.24491559316 7.09840060761 137.035 0.367049557285 0.374625666827
99.7808 6.6406903312 6.6406903312 99.7808 0.318763336487 0.318763336487
125.794 6.97491930137 6.83483760281 114.154 0.258332579265 0.263627169802
120.176 6.90900499815 6.7047751546 104.313 0.343496036699 0.35395904854
132.629 7.05125245227 7.0177437865 129.584 0.311668943403 0.313157115495
113.446 6.8258619316 6.79711676511 111.208 0.154161738858 0.154813692473
90.6963 6.50297179139 6.50297179139 90.6963 0.421525052933 0.421525052933
124.156 6.95601017309 6.89817206697 119.277 0.268714632399 0.270967685132
136.08 7.08831123589 7.02575970477 130.306 0.168478117385 0.169978106659
143.927 7.16919344976 7.06524916824 133.922 0.298561269763 0.302953717352
92.0702 6.52466237532 6.45885278509 87.9647 0.255308573408 0.25790992587
57.5631 5.84707238388 5.84707238388 57.5631 0.444544681411 0.444544681411
100.497 6.65100862501 6.63004428653 99.0472 0.15545334798 0.155944894713
107.197 6.74412072108 6.67750824226 102.36 0.274908663801 0.277651056155
92.9866 6.53895092394 6.44719070092 87.2565 0.197651312395 0.200464402522
90.9406 6.50685261749 6.36931815832 82.6715 0.251181388431 0.256605218039
64.0381 6.00085859885 5.92287573675 60.6685 0.159554116086 0.161654867003
166.331 7.37791326627 7.32536842404 160.382 0.364000483475 0.366611457677
107.807 6.75230704632 6.75230704632 107.807 0.281835850759 0.281835850759
69.2606 6.11396298045 6.07926929683 67.6149 0.174983761073 0.175982373068
163.359 7.35190212969 7.13023076232 140.092 0.306836277745 0.316375494569
172.569 7.4310295143 6.43530855226 86.5408 0.456186928113 0.526771715655
106.571 6.73567109646 6.63967208342 99.7104 0.195453623765 0.198279569797
111.116 6.79592276041 6.6707270545 101.88 0.251234115438 0.255949258506
109.392 6.77336342532 6.66137907508 101.222 0.158023048086 0.160679571332
184.674 7.52883695533 7.13655029244 140.707 0.302385340605 0.319007059967
73.4676 6.1990362411 6.1990362411 73.4676 0.272633302155 0.272633302155
109.808 6.77883935468 6.67798736972 102.394 0.194734066245 0.197674969848
101.598 6.6667281921 6.6667281921 101.598 0.291237373305 0.291237373305
121.5 6.92481250361 6.74441677446 107.219 0.30042020052 0.308455664954
218.676 7.77265108103 7.42372102164 171.697 0.218913589876 0.229202975979
199.801 7.64241999358 7.49260630709 180.094 0.303366761941 0.309432540804
105.549 6.72176910004 6.66654357985 101.585 0.255088200811 0.257201346614
174.808 7.44962740034 7.21661006874 148.736 0.225850142484 0.233142624278
90.5813 6.50114133962 6.50114133962 90.5813 0.307837964474 0.307837964474
101.375 6.66355810422 6.614125287 97.9603 0.308720930422 0.311028256737
124.797 6.96343944339 6.88999669233 118.603 0.252260701833 0.254949631996
135.715 7.08443637427 6.82799681059 113.614 0.300004956347 0.311272263911
82.6833 6.36952406467 6.26945960633 77.1428 0.482266123564 0.48996338959
175.436 7.45480101334 7.26337249787 153.636 0.340886961908 0.349871147296
111.202 6.79703892536 6.66624531014 101.564 0.321474895164 0.327782323377
88.5799 6.46890746342 6.38156717615 83.3764 0.218500698499 0.221491172978
81.0074 6.33998179863 6.28478801794 77.9668 0.328063264112 0.330944356013
94.3967 6.5606645204 6.5160577084 91.5227 0.304143527848 0.30622559553
112.374 6.81216446724 6.74196577602 107.037 0.0909748355723 0.0919220836899
102.651 6.68160387166 6.68160387166 102.651 0.213982578485 0.213982578485
68.5601 6.09929730862 5.97935087926 63.0905 0.270119538683 0.275538166025
116.425 6.86325707193 6.8069040094 111.965 0.0876796950196 0.088405578524
117.611 6.8778791896 6.66405611272 101.41 0.25351264215 0.261646855347
178.026 7.47594414631 6.94457737394 123.176 0.299960056118 0.322911604971
140.657 7.13603754203 6.88141990809 117.9 0.345804361516 0.358599379042
118.231 6.88546454748 6.7952734301 111.066 0.091895169623 0.0931148597672
124.328 6.95800743316 6.84898591564 115.279 0.246660202721 0.250586516769
40.149 5.32729214955 5.32729214955 40.149 0.419849438014 0.419849438014
93.5565 6.54776598557 6.51740956154 91.6085 0.264970378487 0.266204542627
111.129 6.79609153843 6.72586382944 105.849 0.238541807715 0.241032527878
116.038 6.85845352473 6.80105515919 111.512 0.259476438698 0.261666322933
56.1199 5.81044053311 5.53006137567 46.2077 0.367854210845 0.38650475497
110.964 6.79394788936 6.71208673073 104.843 0.249971172487 0.253019841348
103.797 6.69762093648 6.63266810074 99.2275 0.0989509701215 0.0999199837992
102.401 6.67808599386 6.61965803665 98.3367 0.261664959091 0.263974526888
163.849 7.35622305765 7.23592805828 150.741 0.335197894482 0.340770452719
119.015 6.89499960416 6.82030662889 113.01 0.198968793687 0.201147811728
93.7315 6.55046206547 6.4645669873 88.3138 0.0930177595337 0.0942536919236
100.501 6.65106604628 6.55532996098 94.0483 0.0890748764922 0.0903757537974
105.726 6.72418639581 6.58227598703 95.8214 0.278899984549 0.284912921547
157.371 7.29802589828 7.08302184735 135.582 0.291356586896 0.300200671779
106.112 6.72944400683 6.6766482322 102.299 0.248135677377 0.250097816889
105.094 6.71553649545 6.54525178439 93.3936 0.218905966249 0.224601138939
41.1961 5.36443586004 5.36443586004 41.1961 0.327075426975 0.327075426975
196.347 7.61726174491 7.01842275683 129.645 0.242592179068 0.26329108252
201.009 7.65111628802 7.21091481607 148.15 0.331558216485 0.35179870173
96.286 6.58925414011 6.55009723405 93.7078 0.320759641575 0.322677163514
108.804 6.76558778565 6.76558778565 108.804 0.269547469346 0.269547469346
249.776 7.96449105045 7.15183852666 142.206 0.332015768449 0.369742214755
262.208 8.03456789282 7.76241526101 217.13 0.294233591141 0.304549510027
199.299 7.63879066112 7.45423348137 175.367 0.338130897276 0.346502580957
74.2452 6.21422585265 6.21422585265 74.2452 0.357588515174 0.357588515174
83.0982 6.37674532183 6.34958289694 81.5483 0.23679948433 0.237812471846
113.341 6.82452602619 6.58630988951 96.0897 0.32487870827 0.336629043749
82.7713 6.37105871134 6.24167241857 75.6712 0.0949640216725 0.0969325714275
115.591 6.85288526269 6.70528679027 104.35 0.195033232753 0.199326353707
118.593 6.88987504651 6.8171115728 112.76 0.101952543984 0.103040749916
115.954 6.85740877846 6.65064969029 100.472 0.230293164489 0.237452646181
110.79 6.79168385815 6.69698143166 103.751 0.342647378373 0.347492776034
171.232 7.41980852894 7.26048677783 153.329 0.268722671758 0.274619434321
156.699 7.29185216282 7.09829532446 137.025 0.201903956214 0.207409488125
107.996 6.75483406802 6.71044829788 104.724 0.219103903749 0.220553150517
133.632 7.06212171191 6.99698748526 127.733 0.24957427841 0.251897539335
133.115 7.05652933958 6.86785940799 116.797 0.314787819855 0.323435491992
76.2123 6.25195194978 5.95045441639 61.8394 0.340164837789 0.357400304589
86.9384 6.44192163963 6.38886973082 83.7995 0.225458316767 0.227330477973
100.964 6.65769716315 6.55958358478 94.326 0.34334429705 0.348479796455
79.7384 6.31720275195 6.16471388418 71.7404 0.237632256985 0.243510270871
107.192 6.74405342774 6.64126711577 99.8207 0.181561136028 0.184371141897
97.5062 6.60742205144 6.56025945554 94.3702 0.350660617871 0.353181564662
232.057 7.85833540684 7.42931467392 172.364 0.270739277424 0.286373662065
132.354 7.04825798637 6.94591197787 123.29 0.351269867345 0.356445727468
199.285 7.6386893137 6.81442224657 112.55 0.385173918456 0.431764247704
98.4442 6.6212343048 6.39675203987 84.2586 0.292887155879 0.303165492714
174.297 7.44540392778 7.17851547019 144.86 0.403823045106 0.418836693833
243.338 7.9268178209 7.58055254202 191.414 0.432644985555 0.452407388856
69.759 6.12430745402 5.93266358623 61.0815 0.345999966711 0.357176864054
130.037 7.02277836781 6.86277371756 116.386 0.250760294102 0.25660673678
84.8252 6.4064210214 6.29051471693 78.2769 0.304419343632 0.310028442842
95.8728 6.58304966226 6.51031635866 91.1592 0.0916309986565 0.0926547008665
103.129 6.68830626713 6.54613819692 93.451 0.393319324864 0.401861376331
80.5208 6.33128960086 6.19193961922 73.1071 0.291244340779 0.297798812565
94.6143 6.56398634378 6.56398634378 94.6143 0.348380222597 0.348380222597
76.5362 6.25807036828 6.13733957182 70.392 0.208917468665 0.213027192772
104.401 6.70599172053 6.5885347559 96.238 0.0944695960097 0.0961537507435
105.644 6.72306702221 6.66529327532 101.497 0.0943937253226 0.0952119157561
98.5357 6.62257461013 6.5913099004 96.4233 0.287394768981 0.288757975107
114.757 6.84243834827 6.79332368382 110.916 0.0964781677071 0.0971756897235
245.278 7.93827402818 7.72806335596 212.021 0.276178453131 0.283690769686
105.668 6.72339473366 6.39503880011 84.1586 0.288018062226 0.302806469717
105.271 6.717964248 6.64384464817 99.9992 0.236978090561 0.239621849133
81.6923 6.35212819682 6.24681279081 75.9413 0.0821593521732 0.0835444818099
125.602 6.97271562667 6.87596431923 117.455 0.339166307631 0.343938697681
197.909 7.62869341085 7.19838610462 146.869 0.271879290869 0.288131773519
108.895 6.76679390287 6.70760761318 104.518 0.0801998931302 0.0809075573797
78.7837 6.2998252682 6.24245960117 75.7125 0.245416410699 0.247671687785
94.0251 6.55497403053 6.46262332712 88.1949 0.250798424639 0.254382326989
63.7084 5.99341170033 5.99341170033 63.7084 0.309498449364 0.309498449364
70.5891 6.14137352215 6.09172733393 68.2013 0.215375085348 0.217130343166
77.2159 6.27082604716 6.27082604716 77.2159 0.262886703409 0.262886703409
109.603 6.77614347736 6.77614347736 109.603 0.324891212299 0.324891212299
114.119 6.83439519984 6.73860572713 106.788 0.0852237346994 0.0864351925202
117.749 6.87957099737 6.81595961821 112.67 0.0891909079896 0.0900233009296
96.2922 6.58934703442 6.39281369321 84.0289 0.311197301506 0.320764394867
120.684 6.91509060944 6.86312075761 116.414 0.353938428252 0.356618568719
113.373 6.82493329034 6.68882377572 103.166 0.0780359522342 0.0796238899551
88.7569 6.47178737449 6.38567779287 83.6143 0.0884005493437 0.0895926129845
83.63 6.38594865786 6.35121134581 81.6404 0.251250037751 0.252624224577
117.633 6.87814903105 6.70355756192 104.225 0.261530689114 0.26834215106
123.357 6.94669577472 6.90749159334 120.05 0.157354623333 0.158247705736
196.318 7.61704864643 6.92964899319 121.908 0.319301371026 0.350975075125
98.4519 6.62134714351 6.5692252407 94.9585 0.236738444809 0.238616787804
84.1851 6.39549300682 6.28207278297 77.8202 0.220729538013 0.224714718458
69.9331 6.12790355339 6.12790355339 69.9331 0.306012900318 0.306012900318
103.119 6.68816636807 6.66631633233 101.569 0.161208472494 0.161736861894
153.066 7.25801004754 6.53964428162 93.0313 0.274881752059 0.3050769174
94.2768 6.55883088548 6.42580167594 85.9724 0.240648163965 0.245630147015
98.7779 6.6261163925 6.55775470031 94.2065 0.190420114903 0.192405160376
81.0395 6.34055336787 6.30221667666 78.9144 0.158449214665 0.159413068961
102.956 6.6858840986 6.59215351613 96.4797 0.198851314544 0.201678683399
164.475 7.36172450251 7.22368318462 149.467 0.342435424083 0.34897921013
96.7289 6.59587508756 6.53048905315 92.4428 0.160381194118 0.161986998858
94.8415 6.56744657535 6.56744657535 94.8415 0.27222941899 0.27222941899
72.3178 6.17627888468 6.11589678645 69.3535 0.230174811946 0.232447322191
116.197 6.86042901118 6.6652506322 101.494 0.185360512823 0.190788420401
168.678 7.3981280107 7.10071489524 137.255 0.312591543254 0.325684425607
105.504 6.72115388701 6.5148939114 91.4489 0.280877020929 0.289769519913
113.589 6.82767932027 6.7266950045 105.91 0.285532301019 0.289818846497
228.676 7.83716114976 7.66564858567 203.044 0.16648724842 0.170212263276
209.681 7.712052329 7.404911635 169.473 0.304083274746 0.316696031338
101.656 6.66755155906 6.57149327633 95.1079 0.168003508913 0.170459286905
71.763 6.16516829722 6.16516829722 71.763 0.277947252311 0.277947252311
98.1985 6.61762908217 6.55224794583 93.8476 0.111488264945 0.112600742603
193.511 7.59627176748 7.34691257988 162.795 0.140304353525 0.145066378284
82.6896 6.36963398569 6.28468994359 77.9615 0.124724710943 0.126410493566
121.715 6.92736316466 6.8387627222 114.465 0.147625940311 0.149538526573
83.3799 6.38162773677 6.2596453548 76.6198 0.250185745591 0.255061142111
146.904 7.19872986887 6.82197801723 113.141 0.231286715799 0.244059799825
277.929 8.11857256758 7.5821269241 191.623 0.377224913518 0.403914081808
104.907 6.71296713583 6.71296713583 104.907 0.385649885536 0.385649885536
67.7583 6.08232577398 6.01300883393 64.5797 0.247342132861 0.250193450774
105.258 6.71778607743 6.67845225308 102.427 0.295148679749 0.296887005619
128.27 7.00303997975 6.91255406523 120.472 0.348249442753 0.352808057269
67.6085 6.07913273395 6.07913273395 67.6085 0.391591363335 0.391591363335
117.799 6.8801834819 6.73122397975 106.243 0.305964726352 0.312735612814
109.982 6.78112361684 6.6882782884 103.127 0.309496608842 0.31379297826
129.373 7.01539274968 6.88652576079 118.318 0.281610980321 0.286880743382
213.414 7.73751101012 7.32236083849 160.048 0.335267871404 0.35427629197
100.023 6.64418797148 6.55535910656 94.0502 0.114183377752 0.115730627822
144.156 7.1714870751 6.9264146082 121.635 0.209602841178 0.217019071401
76.1454 6.25068497996 6.13438319275 70.2479 0.337176194249 0.343568718609
112.605 6.81512707861 6.72116756126 105.505 0.268631882838 0.27238726043
109.097 6.76946762008 6.71881368196 105.333 0.112386804699 0.113234102231
293.136 8.1954263459 7.90108410133 239.036 0.322829544525 0.334856042602
100.887 6.65659647479 6.59625536559 96.7544 0.339724435248 0.342832160481
114.164 6.83496397875 6.79718162837 111.213 0.207215739113 0.208367554393
125.729 6.97417364248 6.81325531319 112.459 0.166176958858 0.170101796158
276.877 8.11310140468 7.85552258903 231.605 0.274326748264 0.283321790684
131.444 7.0383044788 6.87666427811 117.512 0.168933806611 0.172904699082
223.489 7.80406001431 7.51836203037 183.338 0.224054689982 0.232568774959
109.366 6.77302048864 6.61215637091 97.8267 0.267499214167 0.274007079781
110.071 6.7822906072 6.69860744217 103.868 0.199271553201 0.201760977222
72.1937 6.17380104037 6.09520500234 68.3659 0.384725928321 0.389686866252
67.0432 6.06701910601 6.06701910601 67.0432 0.298538493398 0.298538493398
110.183 6.7837578392 6.63983123202 99.7214 0.204037061728 0.208459819026
106.016 6.72813820342 6.63070833109 99.0928 0.149848907513 0.152050747678
81.2256 6.34386259043 6.31054007709 79.371 0.262939169879 0.264327607935
129.686 7.01887893443 6.95756641593 124.29 0.149946159144 0.151267537354
120.229 6.90964111502 6.824322351 113.325 0.219682709375 0.222429217567
89.967 6.49132401114 6.39951463313 84.4201 0.152499127337 0.154686926073
101.648 6.66743801914 6.60463921374 97.3183 0.195270251906 0.19712693751
77.1807 6.27016822353 6.16726960332 71.8676 0.30797874704 0.31311725892
262.361 8.03540946885 7.55120837395 187.56 0.126345776712 0.13444736263
109.424 6.77378538936 6.6128876594 97.8763 0.341033641551 0.349331308409
106.985 6.74126472526 6.72488215377 105.777 0.197961973096 0.198444230792
98.3811 6.62030928083 6.56731422799 94.8328 0.177171731773 0.178601422048
87.644 6.45358342413 6.32953266077 80.4228 0.166164382883 0.169420992754
87.1671 6.44571180761 6.37832607242 83.1893 0.291433156898 0.294512089727
90.0401 6.49249575396 6.49249575396 90.0401 0.269354110849 0.269354110849
113.004 6.82023003036 6.75146372117 107.744 0.120027207169 0.121249731407
92.6376 6.53352597221 6.47960405858 89.2391 0.162754811151 0.164109222746
111.409 6.799721973 6.74056333366 106.933 0.264590255237 0.266912434958
97.3805 6.60556100303 6.50709531852 90.9559 0.142064126896 0.14421384821
113.727 6.82943099582 6.64437546653 100.036 0.150813909543 0.155014296472
154.651 7.27287235195 7.05219849966 132.716 0.371168342088 0.382782755366
89.715 6.48727731321 6.48727731321 89.715 0.312119275258 0.312119275258
169.406 7.40434116254 7.20312283198 147.352 0.339181807146 0.348656808278
111.403 6.79964427368 6.70847696014 104.581 0.324645954246 0.329057849774
94.2065 6.55775470031 6.55775470031 94.2065 0.290953316024 0.290953316024
187.268 7.54896058543 7.27341331596 154.709 0.357901271657 0.371460066388
164.642 7.36318860246 6.87063597007 117.022 0.258032150043 0.276530352437
91.2721 6.51210202034 6.29537773543 78.5412 0.229112254021 0.236999658321
273.506 8.09542867206 7.57447243047 190.609 0.218930018612 0.233987563637
92.8052 6.53613373865 6.28476396258 77.9655 0.176354729459 0.183408335468
99.2638 6.63319577959 6.58040782359 95.6974 0.246611209515 0.248589521806
119.055 6.89548440109 6.8037178413 111.718 0.206552961182 0.209338887217
92.8513 6.53685020419 6.45741207214 87.8769 0.171181193982 0.173287039813
107.056 6.74222184423 6.74222184423 107.056 0.19821492791 0.19821492791
99.8953 6.64234489677 6.45929226068 87.9915 0.356112309856 0.366204328366
80.833 6.33687248708 6.23168776069 75.1493 0.308893294183 0.314107107499
255.709 7.99835912872 7.67747300602 204.715 0.409793192781 0.426920826917
82.0762 6.35889203285 6.24968994135 76.0929 0.2070614654 0.210679492102
143.72 7.16711703023 7.06177619759 133.6 0.3935374017 0.399407816792
61.4293 5.94085503846 5.94085503846 61.4293 0.334199206247 0.334199206247
99.195 6.63219549718 6.59700071794 96.8044 0.162554775174 0.163421999488
112.051 6.80801171402 6.80801171402 112.051 0.420600368332 0.420600368332
158.103 7.30472093283 6.59291593565 96.5307 0.321319061856 0.356010314733
80.7006 6.33450749471 6.33450749471 80.7006 0.281881883839 0.281881883839
96.6505 6.59470529081 6.56997557483 95.0079 0.168350264602 0.1689839434
76.5685 6.25867908964 6.22074203932 74.5813 0.154986696772 0.155931879529
116.265 6.86127304819 6.76196337215 108.531 0.284982778596 0.28916818243
108.65 6.76354436429 6.66401343301 101.407 0.244643629466 0.248297524903
185.352 7.5341238721 7.12059040664 139.159 0.285509663706 0.302090845028
99.4858 6.63641871369 6.55867631935 94.2667 0.129425153472 0.130959277254
96.0483 6.58568817413 6.58568817413 96.0483 0.354048789651 0.354048789651
76.3246 6.2540762185 6.06867940835 67.1204 0.242166672092 0.249564810222
92.0672 6.52461536602 6.49721635247 90.3352 0.179923766088 0.180682511594
118.503 6.88877977236 6.73171274818 106.279 0.208841979958 0.213714764871
121.306 6.92250710014 6.86526311998 116.587 0.216235463101 0.218038479
71.1375 6.15253836925 6.0410304705 65.8463 0.118337889778 0.120522220663
115.158 6.84747082808 6.26903314646 77.12 0.306995873988 0.335322089127
146.81 7.19780643084 6.92444436161 121.469 0.198653760698 0.206496181006
103.199 6.68928518087 6.6398456992 99.7224 0.100800610406 0.101551159463
179.791 7.49017699383 7.10812713822 137.962 0.212301166699 0.223711996656
157.813 7.30207224343 6.93028790354 121.962 0.200060179333 0.210792668769
124.524 6.96028001515 6.75896935821 108.306 0.113584092941 0.116967107001
86.1363 6.42854944858 6.42854944858 86.1363 0.422967500582 0.422967500582
166.63 7.38050435611 7.17457619847 144.465 0.325445385314 0.334786476238
140.372 7.13311137976 6.89264602523 118.821 0.346806659117 0.358905784175
81.944 6.35656641289 6.16936584877 71.9721 0.352104306873 0.362788407393
70.3319 6.13610728679 6.11690741207 69.4021 0.110723458381 0.111070999448
115.537 6.85221112945 6.77177996008 109.272 0.111735807949 0.113062939331
118.512 6.8888893372 6.76846224843 109.021 0.236364954504 0.240570450865
111.317 6.79853012336 6.72022373373 105.436 0.11090021697 0.112192464958
116.727 6.8669944977 6.77925972037 109.84 0.280287893376 0.283915279983
197.768 7.6276651984 7.32615979929 160.47 0.284524470063 0.29623396948
105.092 6.71550903986 6.67399447999 102.111 0.110167326685 0.110852605657
123.832 6.95224036601 6.92317295574 121.362 0.277593945093 0.278759442061
45.0513 5.49349683192 5.40292678058 42.31 0.369336471195 0.375527712446
63.7967 5.99540989479 5.99540989479 63.7967 0.475466932409 0.475466932409
128.489 7.00550104472 6.92298274264 121.346 0.22047268521 0.223100603308
106.999 6.74145350321 6.71711431361 105.209 0.254428847244 0.255350759789
111.111 6.79585784052 6.70347450681 104.219 0.31957560801 0.323979810639
88.7635 6.47189464991 6.36995497691 82.708 0.27310956649 0.277480193913
59.4513 5.89363645209 5.89363645209 59.4513 0.384458451007 0.384458451007
54.8966 5.77864489412 5.68201701095 51.3402 0.271497274609 0.27611433346
75.289 6.23436719213 6.19562516442 73.2941 0.0916689142379 0.0922421315519
102.036 6.67293443862 6.60218515558 97.1529 0.106169705757 0.107307424617
72.7904 6.18567628727 6.18567628727 72.7904 0.309671145529 0.309671145529
152.706 7.25461293822 7.04548665636 132.1 0.321580997524 0.331126262686
163.927 7.35690968642 7.16686605254 143.695 0.294805476647 0.302622827168
85.8695 6.42407388618 6.3266631758 80.263 0.216493957004 0.219827282891
129.591 7.01782171736 6.89132196692 118.712 0.24183799093 0.246277261892
132.417 7.04894454033 6.87966901237 117.757 0.292289128283 0.299480956322
112.112 6.80879689623 6.78197600612 110.047 0.274369381238 0.27545443831
85.3143 6.41471567477 6.36518684751 82.4351 0.222146552684 0.223875120674
126.218 6.97977385809 6.70512087426 104.338 0.283596395977 0.295212979454
257.811 8.01017001013 7.46394118244 176.551 0.300730760347 0.322738946996
102.702 6.68232046648 6.49733612598 90.3427 0.282492875043 0.290535672456
98.5636 6.6229830458 6.51022298162 91.1533 0.344557538179 0.35052543363
71.1465 6.15272088106 6.10929577877 69.0369 0.277408831174 0.279380663494
89.8678 6.48973237968 6.40812420312 84.9254 0.227990827604 0.230894316227
128.088 7.00099151205 6.88310757128 118.038 0.274229569677 0.278926178297
93.4377 6.54593285713 6.47454312191 88.9266 0.233023905902 0.235593278695
110.338 6.78578592513 6.72883205864 106.067 0.265772887202 0.268022429678
84.3868 6.3989454414 6.3989454414 84.3868 0.26825774782 0.26825774782
87.9581 6.45874453548 6.33994439836 81.0053 0.337441191915 0.343764285202
97.5557 6.6081542642 6.50279839599 90.6854 0.208577355801 0.211956646849
61.7271 5.94783210861 5.84624507283 57.5301 0.298729168415 0.303920023457
112.891 6.81878666461 6.60931173335 97.634 0.246485735463 0.25429783218
104.292 6.70448468605 6.66367194989 101.383 0.288906819069 0.29067627559
98.3531 6.61989862054 6.57770072399 95.518 0.207075408466 0.208403858487
108.535 6.7620165429 6.69987085123 103.959 0.392753384944 0.396396429908
140.612 7.1355759108 6.86455760628 116.53 0.29987959139 0.311719080994
95.1901 6.57273963246 6.53866852175 92.9684 0.249103431626 0.250401437568
133.208 7.05753691793 6.36225946577 82.268 0.313066321752 0.347278688556
82.2219 6.36145080526 6.31367395229 79.5436 0.0630391045194 0.0635161342253
115.73 6.85461908396 6.79324563913 110.91 0.0623942914483 0.0629579914537
156.363 7.28875535951 7.05595481332 133.062 0.276544672624 0.285668845402
57.3274 5.84115294409 5.84115294409 57.3274 0.260963467883 0.260963467883
99.2432 6.63289634916 6.63289634916 99.2432 0.22183723899 0.22183723899
141.843 7.14815114466 6.92099589501 121.179 0.255982280131 0.264383920535
71.5798 6.16148060764 6.09799627841 68.4983 0.338777571023 0.342304478202
90.7492 6.50381301997 6.30086868053 78.8407 0.285226923354 0.294413781942
66.9475 6.06495827732 6.06495827732 66.9475 0.321442145814 0.321442145814
109.749 6.77806398419 6.68254520722 102.718 0.278924047854 0.282910924574
74.5758 6.22063564381 6.22063564381 74.5758 0.404073706634 0.404073706634
137.966 7.10816896638 7.01281446492 129.142 0.279841762383 0.283646821232
102.88 6.68481873755 6.61955827058 98.3299 0.283290941768 0.286083831927
79.5629 6.31402395702 6.20329122404 73.6846 0.317804236654 0.323477246417
97.9576 6.61408552262 6.58095797782 95.7339 0.256747623791 0.258040052407
107.222 6.74445714067 6.74445714067 107.222 0.367393990937 0.367393990937
79.0961 6.30553465622 6.30553465622 79.0961 0.379548584375 0.379548584375
91.7756 6.52003873613 6.48052687765 89.2962 0.244766122065 0.246258464363
123.027 6.94283115974 6.88428043454 118.134 0.380701577934 0.383939440436
104.515 6.70756620263 6.59067387097 96.3808 0.32120979031 0.326906773968
127.334 6.99247388067 6.93966148378 122.757 0.184811388441 0.186217844998
159.336 7.31592845258 6.89573885428 119.076 0.292707812822 0.310543867941
232.391 7.86041038715 7.01794417164 129.602 0.334567361054 0.374730362013
72.9757 6.18934423935 6.16645837172 71.8272 0.145063024393 0.145601403633
91.897 6.52194586004 6.42291246845 85.8004 0.448595665504 0.455512457602
89.1291 6.47782463294 6.43708788448 86.6476 0.200572240654 0.201841550792
113.114 6.82163369099 6.77661726452 109.639 0.242953499708 0.244567416789
94.2042 6.55771947727 6.43949847534 86.7925 0.340814400372 0.347071319299
262.733 8.03745360816 7.65700397032 201.831 0.494257480982 0.518815399505
109.871 6.77966683287 6.68348592897 102.785 0.149298065148 0.15144658809
188.567 7.55893341032 7.4394818529 173.583 0.243167071404 0.2470714677
81.902 6.35582677697 6.35582677697 81.902 0.429486972383 0.429486972383
142.396 7.15376481037 6.92661622864 121.652 0.247379151023 0.25549160037
116.351 6.86233980008 6.79889296445 111.345 0.290434313409 0.293144627903
130.411 7.02692175395 6.96691491443 125.098 0.288292990428 0.290776091116
73.7444 6.20446159308 6.11698848098 69.406 0.289647799413 0.293789771318
87.0016 6.44297002793 6.44297002793 87.0016 0.286142344616 0.286142344616
85.6241 6.41994501367 6.32249784691 80.0316 0.307410364895 0.312148408279
90.4866 6.49963225675 6.35018958078 81.5826 0.241922955841 0.24761626837
63.5388 5.98956593832 5.87677722211 58.7606 0.3136791623 0.319699378599
78.7151 6.29856851087 6.26084992518 76.6838 0.281404277231 0.283099601583
99.5691 6.63762618464 6.4882225585 89.7738 0.158485207008 0.162134629389
117.959 6.88214168686 6.82210552461 113.151 0.180279740317 0.181866245202
260.977 8.02777885692 7.80001978163 222.864 0.401721456853 0.413451646019
129.732 7.01939057181 6.92084111538 121.166 0.37925975689 0.384660233835
87.2665 6.447356031 6.35777894733 82.0129 0.306243436004 0.310558212298
80.3597 6.32840027308 6.29933258858 78.7568 0.236243429311 0.237333552649
90.6042 6.50150602351 6.14814707622 70.9213 0.263116405077 0.278238771988
194.205 7.60143653462 7.0243085965 130.175 0.316358948503 0.34235148359
120.761 6.91601079849 6.82132755422 113.09 0.182634071344 0.185169118408
98.9413 6.62850095023 6.53769365434 92.9056 0.313458418361 0.31781229495
142.962 7.15948791232 7.15948791232 142.962 0.259872947488 0.259872947488
119.859 6.90519443224 6.86800762628 116.809 0.31153915248 0.313225980254
104.735 6.71059982773 6.51017866498 91.1505 0.313948693223 0.323613859938
272.211 8.08858155685 7.68534450744 205.835 0.325346576162 0.342416961657
111.624 6.80250344058 6.6534326843 100.666 0.260568533913 0.266406595296
327.621 8.35588402424 7.91738998251 241.753 0.192081415651 0.202719587634
93.1746 6.54186481534 6.45298741814 87.6078 0.289456045108 0.293442741227
79.5764 6.31426872853 6.31426872853 79.5764 0.295369032895 0.295369032895
97.6308 6.60926444757 6.56635396575 94.7697 0.32668832 0.328823196263
88.3049 6.46442158949 6.42314280938 85.8141 0.285543527031 0.287378592639
106.63 6.73646958249 6.6449954689 100.079 0.20826716252 0.211134140258
74.1608 6.21258490182 6.21258490182 74.1608 0.250923940831 0.250923940831
125.416 6.97057760209 6.94279597935 123.024 0.262038948006 0.263087497786
262.621 8.03683847304 7.46651292663 176.866 0.321605478831 0.346171139166
101.592 6.66664298938 6.55198812308 93.8307 0.164159194941 0.167031857436
64.7396 6.01657654663 5.9813937485 63.1799 0.23353419076 0.234907848244
115.424 6.85079942313 6.85079942313 115.424 0.364631261357 0.364631261357
115.821 6.85575304802 6.76618434327 108.849 0.217025463998 0.219898381543
133.222 7.05768853547 6.8222075224 113.159 0.271587793252 0.280962144366
106.278 6.73169917351 6.64547110404 100.112 0.152137609759 0.154111665801
163.607 7.35409066574 7.26514618231 153.825 0.356203097622 0.360563959705
44.503 5.47583068803 5.47583068803 44.503 0.27482406428 0.27482406428
138.681 7.11562633444 7.0767835368 134.997 0.226754770855 0.227999374372
98.3697 6.62014209753 6.52779756934 92.2705 0.320823747669 0.325362233628
133.612 7.06190577515 7.030413332 130.727 0.215734002226 0.216700373687
123.718 6.95091160619 6.75028491735 107.656 0.277904832099 0.286164502166
160.37 7.32526047559 7.11644793551 138.76 0.308827535592 0.317889227989
86.8195 6.43994720891 6.37652481613 83.0855 0.25775573864 0.260319436919
190.703 7.57518372903 7.18301996499 145.313 0.314392242921 0.331556784572
108.972 6.76781367661 6.6756748156 102.23 0.138298418158 0.140207237728
54.2679 5.76202717681 5.76202717681 54.2679 0.318640830973 0.318640830973
125.568 6.97232504156 6.91609442294 120.768 0.18570460932 0.187214462197
109.977 6.78105802757 6.67826913509 102.414 0.150196766308 0.152508526878
107.804 6.75226689916 6.66032398354 101.148 0.152437701323 0.154542038401
111.569 6.80179241265 6.72415910434 105.724 0.24785579296 0.25071739467
96.3283 6.58988780024 6.47853019513 89.1727 0.240275385018 0.244405409983
134.271 7.0690039333 7.02827076989 130.533 0.235853324245 0.237220239708
113.682 6.82886003093 6.5368952628 92.8542 0.316713610346 0.330859349583
84.9646 6.40878997093 6.32629105367 80.2423 0.205468381502 0.208147821772
92.731 6.53497980774 6.47583392982 89.0062 0.211669253685 0.213602497183
86.4166 6.43323656512 6.4152313484 85.3448 0.190169643195 0.190703380086
108.712 6.76436738851 6.44854089303 87.3382 0.287812465396 0.301908491739
166.199 7.37676789138 7.37676789138 166.199 0.389874297617 0.389874297617
100.52 6.65133876611 6.60166235011 97.1177 0.169608257211 0.17088453126
88.8003 6.47249264542 6.39407849643 84.1026 0.201895898811 0.204371860765
110.896 6.79306351845 6.74472621987 107.242 0.114979916598 0.115803940936
143.318 7.16307600579 7.01541505239 129.375 0.302456019591 0.308822135335
98.514 6.62225685799 6.57235310432 95.1646 0.140186774748 0.141251210296
89.3764 6.48182203035 6.43533689216 86.5425 0.288374341568 0.290457390419
83.9183 6.39091354727 6.34842719259 81.483 0.159059002779 0.160123492771
161.46 7.33503298659 7.08877764037 136.124 0.304770355153 0.315357699422
136.973 7.09774772818 6.99963928115 127.968 0.195113080726 0.197847827558
86.989 6.4427610746 6.38283668684 83.4498 0.232913018662 0.235099690627
102.191 6.67512433295 6.47770160971 89.1215 0.246245266802 0.253750152653
202.895 7.66458950256 7.34268807199 162.319 0.245438993598 0.256198971739
88.6986 6.4708394284 6.4708394284 88.6986 0.259248707438 0.259248707438
92.7969 6.53600470596 6.48518850518 89.5852 0.342275158282 0.344957134781
60.3865 5.91615415172 5.91615415172 60.3865 0.434964303891 0.434964303891
97.0982 6.60137264619 6.50411027458 90.7679 0.214085397406 0.217286827363
179.378 7.48685915006 7.02066887198 129.847 0.213929481457 0.228134943396
86.1614 6.4289697867 6.39943943749 84.4157 0.181658633367 0.182496900989
124.3 6.95768248617 6.80745796802 112.008 0.106640251826 0.1089935503
145.124 7.18114231578 7.0705932659 134.419 0.313706847997 0.318611668948
253.387 7.9851986988 7.59607791498 193.485 0.319005287342 0.335346824229
71.6772 6.16344237591 6.10572416697 68.8662 0.311987930757 0.314937193461
121.466 6.92440872998 6.71966261608 105.395 0.161603205754 0.16652720719
195.626 7.6119543166 7.36238221624 164.55 0.291479503191 0.301360157263
72.8809 6.18746886985 6.1132733442 69.2275 0.26090814839 0.264074736259
147.612 7.20566619869 7.04565046557 132.115 0.386099267149 0.394868075308
71.2744 6.15531208425 6.08999805839 68.1196 0.344227042391 0.347918809405
66.2488 6.04982241738 6.04982241738 66.2488 0.272747058444 0.272747058444
110.818 6.79204842497 6.73522429284 106.538 0.184060998824 0.185613895367
144.704 7.17696099209 6.96616510589 125.033 0.19313239015 0.198976568793
102.453 6.67881841933 6.58079973577 95.7234 0.102116920427 0.103637915825
158.994 7.31282851293 7.24299304008 151.481 0.309123410076 0.312103915427
70.0003 6.12928919991 6.06637770062 67.0134 0.333943101697 0.337406265754
104.995 6.71417681627 6.66012428479 101.134 0.100910974012 0.101729951762
107.183 6.74393229183 6.66797725421 101.686 0.233140357377 0.235796062989
134.279 7.06908988795 6.85806805168 116.007 0.295124259459 0.304205193432
119.169 6.89686517924 6.8656837885 116.621 0.287319924214 0.288624824804
114.36 6.83743871486 6.75759668917 108.203 0.425688578572 0.430718153432
113.788 6.83020460987 6.7435822865 107.157 0.203883462373 0.20650237595
102.723 6.68261543152 6.68261543152 102.723 0.273960522843 0.273960522843
392.635 8.61704497204 7.80686535318 223.924 0.370080910202 0.408487107467
77.6235 6.27842157979 6.27842157979 77.6235 0.329531671743 0.329531671743
84.0455 6.39309867102 6.33955965356 80.9837 0.314240305396 0.316894135965
134.0 7.06608919046 6.97076164279 125.432 0.331565319079 0.336099588127
117.799 6.8801834819 6.76825050193 109.005 0.292616986293 0.297456271017
164.019 7.35771913644 7.06757418649 134.138 0.303858747469 0.316333053185
172.185 7.42781565674 7.08872464745 136.119 0.314202195881 0.32923214062
162.559 7.34481962212 7.05083904142 132.591 0.271386921239 0.282702239065
106.239 6.73116966192 6.68557578551 102.934 0.320917907242 0.323106483345
84.202 6.39578259606 6.2183995237 74.4603 0.201328118129 0.207071107142
58.2363 5.86384679278 5.86384679278 58.2363 0.216586123093 0.216586123093
124.643 6.96165805256 6.84240063256 114.754 0.298626846037 0.303831666555
106.452 6.7340592449 6.64279541904 99.9265 0.214395300252 0.217340827566
84.4473 6.39997939194 6.39997939194 84.4473 0.285077740084 0.285077740084
70.0679 6.13068175286 6.04937809973 66.2284 0.162082143509 0.164260527825
88.478 6.46724686944 6.43619349455 86.5939 0.245556097936 0.246740858085
108.164 6.75707659963 6.70512087426 104.338 0.363636235246 0.366453930068
79.5365 6.3135451727 6.19983721485 73.5084 0.318885217157 0.324733723428
101.042 6.65881129064 6.62917590756 98.9876 0.273615371906 0.27483855507
61.2987 5.93778457299 5.83727218221 57.1734 0.303056071641 0.308274414961
115.888 6.8565873753 6.82086822723 113.054 0.219571517196 0.220721357257
151.452 7.24271681955 7.11556391524 138.675 0.221283511558 0.225237778782
66.9872 6.06581354478 5.85644295914 57.9382 0.338686841148 0.350795054747
120.145 6.90863279975 6.85678654629 115.904 0.241820216465 0.243648692844
73.153 6.1928451253 6.12864190572 69.9689 0.0896533156914 0.090592517492
148.315 7.21252070349 7.03887510437 131.496 0.21232660374 0.217564596995
72.971 6.18925131958 6.12097187071 69.5979 0.251570394217 0.254376662279
122.312 6.93442214304 6.8380819559 114.411 0.282237847295 0.286214232369
70.5674 6.1409299509 6.1085328202 69.0004 0.257902457813 0.259270265743
114.693 6.84163353254 6.59868379706 96.9174 0.117459681961 0.12178430177
151.555 7.2436976391 6.96029160079 124.525 0.230352031105 0.239731402014
95.729 6.58088413369 6.48873511113 89.8057 0.199018483715 0.201844821735
90.5984 6.50141366688 6.50141366688 90.5984 0.26173705881 0.26173705881
123.391 6.94709335955 6.78804616894 110.511 0.102229147246 0.104624425395
110.901 6.79312856419 6.75195906711 107.781 0.0874374324051 0.0879705747246
102.418 6.67832548156 6.57938382751 95.6295 0.235579731045 0.239122410551
74.454 6.21827745377 6.17954090706 72.4815 0.152966431146 0.15392530356
121.677 6.92691267811 6.73427606925 106.468 0.104060900471 0.107037603353
102.119 6.67410750511 6.34292802866 81.173 0.161110533038 0.169522500152
71.6499 6.16289278584 6.01584765664 64.7069 0.282027288166 0.28892087015
110.249 6.78462175983 6.65579544638 100.831 0.239547319803 0.24418388028
97.7362 6.61082110833 6.5356797412 92.776 0.179616723697 0.18168179523
107.387 6.74667554464 6.70662724468 104.447 0.109126613096 0.109778257384
101.007 6.65831146805 6.505208155 90.837 0.234889452597 0.240417692822
113.014 6.82035769232 6.76623735867 108.853 0.0926881829955 0.0934295574291
87.5066 6.45131992815 6.33365450354 80.6529 0.352413963635 0.358961042995
164.242 7.35967929036 7.06050139789 133.482 0.329555983024 0.343520411171
95.0486 6.57059347202 6.54573829772 93.4251 0.180990077495 0.181677324635
120.574 6.9137750347 6.83844759255 114.44 0.0951437625638 0.0961917981264
113.681 6.82884734026 6.72481395704 105.772 0.203316026279 0.206461340664
105.624 6.72279387245 6.67991636082 102.531 0.315949202256 0.317977238965
254.747 7.99292134653 6.98338128253 126.534 0.57210088598 0.654805630527
153.035 7.25771783323 6.95038675866 123.673 0.211984808791 0.221358318689
128.084 7.0009464581 6.8160876586 112.68 0.211663410157 0.217403923757
77.9382 6.28425870742 6.23415447718 75.2779 0.343700062061 0.346462397692
195.883 7.61384838636 7.18430013332 145.442 0.242735006886 0.257248097406
125.72 6.97407036702 6.88581837199 118.26 0.340066330158 0.344424785531
86.0521 6.42713849485 6.36394724573 82.3643 0.276171787153 0.278914053789
56.4491 5.81887867436 5.70239158431 52.0704 0.240327151879 0.2452364974
23.0548 4.52699524534 4.36053283866 20.5424 0.353685916987 0.367187801075
274.855 8.10252691405 7.80998029778 224.408 0.213034677921 0.221014541095
78.7164 6.29859233715 6.27648922137 77.5196 0.195095212593 0.195782254651
211.995 7.72788642834 7.47536865858 177.955 0.323794159539 0.334731918299
150.104 7.22981861246 7.16521855536 143.531 0.313014025934 0.315836092531
84.1852 6.39549472054 6.39549472054 84.1852 0.447774194234 0.447774194234
132.205 7.04663293045 6.93528293611 122.385 0.240727184994 0.244592199721
295.216 8.20562710391 7.62682604249 197.653 0.361953146022 0.389421828792
103.299 6.69068247784 6.69068247784 103.299 0.302872964832 0.302872964832
95.5357 6.57796803839 6.49313972701 90.0803 0.193933101193 0.19646670099
107.799 6.75219998473 6.49288505561 90.0644 0.307447018096 0.319725935868
108.842 6.76609156161 6.70527296467 104.349 0.279629212664 0.282165523485
101.545 6.66597539393 6.57345178564 95.2371 0.265933394249 0.269676498786
88.4387 6.46660591338 6.46660591338 88.4387 0.296708228254 0.296708228254
71.7245 6.16439410072 6.09616274028 68.4113 0.264302174397 0.26726037904
119.449 6.9002509657 6.71704574869 105.204 0.290674997701 0.29860306281
101.415 6.66412724276 6.53310230982 92.6104 0.30394742721 0.310043258774
73.9644 6.20875914534 6.16563462549 71.7862 0.207843500825 0.209297228093
92.1435 6.52581049353 6.50183400102 90.6248 0.234920811548 0.235787117436
110.072 6.78230371409 6.75427289004 107.954 0.2429343106 0.243942509266
152.403 7.25174749184 6.99752952494 127.781 0.31708833019 0.328608045875
170.34 7.41227344467 7.21016478977 148.073 0.334004434114 0.343366936758
94.8122 6.56700080535 6.51322384759 91.3431 0.335448094507 0.338217748741
90.6056 6.50152831561 6.463068197 88.2221 0.203769766679 0.204982350107
182.446 7.51132571097 7.01276977868 129.138 0.222880454366 0.238725602035
117.244 6.87337028401 6.87337028401 117.244 0.582991658449 0.582991658449
100.557 6.65186970418 6.62327283324 98.5834 0.187634901762 0.188445040677
193.646 7.59727789078 7.13040582105 140.109 0.635227038358 0.676819308081
202.561 7.66221262195 7.36353030412 164.681 0.199671750004 0.207770911498
90.9305 6.50669238071 6.31168293254 79.4339 0.238729773551 0.246105708289
79.7015 6.3165349712 6.3165349712 79.7015 0.229730155836 0.229730155836
128.107 7.00120549909 6.90632542937 119.953 0.351978935823 0.356814471929
85.8557 6.42384201349 6.27916110515 77.6633 0.174085651709 0.178096835655
81.9562 6.35678118846 6.27667345567 77.5295 0.290139333125 0.293842314383
80.601 6.33272583297 6.1570821222 71.3619 0.278432878099 0.28637576126
66.1335 6.0473093506 5.99795398048 63.9093 0.283060949279 0.285390173205
111.477 6.80060227294 6.75194568162 107.78 0.149637365333 0.15071569808
158.289 7.30641719132 7.0640852525 133.814 0.41625521541 0.430534761847
108.104 6.75627609558 6.56531537196 94.7015 0.376546661037 0.387499009675
62.863 5.97413921815 5.97413921815 62.863 0.503113281928 0.503113281928
109.102 6.7695337384 6.69657811984 103.722 0.107590303183 0.108762441696
101.131 6.66008148861 6.59108844432 96.4085 0.295353735507 0.298445387747
123.901 6.95304402123 6.89596903516 119.095 0.271950471585 0.274201289316
113.185 6.82253896544 6.76924279514 109.08 0.366575049505 0.36946119894
113.329 6.82437327249 6.76614458043 108.846 0.215150880544 0.21700244523
62.8431 5.97368244427 5.97368244427 62.8431 0.335515432588 0.335515432588
86.0031 6.42631675789 6.25743498882 76.5025 0.286208414565 0.293932886886
105.932 6.7269946551 6.67525138605 102.2 0.109889055985 0.110740861956
97.1389 6.60197724428 6.22429307881 74.7651 0.381635894711 0.404793196685
102.528 6.67987414775 6.59280981903 96.5236 0.0998681339263 0.10118698769
151.836 7.24637008108 7.17373709122 144.381 0.335573267146 0.338970895106
123.281 6.94580665928 6.80766403788 112.024 0.144192635801 0.147118624596
101.392 6.66380001553 6.62201520237 98.4975 0.292369113484 0.294213958053
83.5945 6.38533611992 6.31458233799 79.5937 0.362166135289 0.366224142991
161.448 7.33492575889 7.25121728069 152.347 0.321089298103 0.32479597182
83.1325 6.37734069249 6.34614137672 81.354 0.230959732086 0.232095191444
113.677 6.82879657644 6.68988618442 103.242 0.225772723123 0.230460721784
234.446 7.8731118545 7.58845979941 192.466 0.364678105164 0.378357609942
155.196 7.27794756396 6.85844109172 116.037 0.223223244189 0.236877016882
85.6264 6.41998376625 6.28918709864 78.2049 0.250567211658 0.255778275629
92.738 6.53508870858 6.41696468902 85.4474 0.219584011173 0.223626131909
86.7531 6.43884340618 6.32790648199 80.3322 0.283275998758 0.288242217537
96.6694 6.59498738216 6.52981313972 92.3995 0.212414837313 0.214534955578
111.544 6.80146910225 6.73884888481 106.806 0.281274117951 0.283887835327
82.9512 6.37419094673 6.37419094673 82.9512 0.339745519008 0.339745519008
72.3137 6.17619708992 5.84505843239 57.4828 0.101092903192 0.106820094568
105.787 6.72501853757 6.67335854864 102.066 0.234622792019 0.236439060507
269.899 8.07627582127 7.67002592809 203.661 0.178954347641 0.188432827284
155.536 7.28110473161 7.05344807085 132.831 0.341740675672 0.352770676927
102.542 6.68007113151 6.68007113151 102.542 0.378792082217 0.378792082217
106.921 6.74040142562 6.65126700273 100.515 0.208771571828 0.211569344578
110.069 6.78226439307 6.7430436509 107.117 0.30874275954 0.31053855396
162.864 7.34752393077 7.30438326711 158.066 0.247499585204 0.248961350827
120.779 6.916225823 6.74464550138 107.236 0.293523019783 0.300990094832
190.183 7.5712444827 7.23354298661 150.492 0.306220292654 0.320516336951
161.659 7.33681001827 6.83990921318 114.556 0.245855459639 0.263716190245
103.592 6.69476878348 6.62762142842 98.881 0.213683091067 0.215848008683
147.215 7.20178086744 6.99153318352 127.251 0.363964679546 0.374909736789
93.4349 6.54588962397 6.47840723206 89.1651 0.217156703799 0.219418718715
118.971 6.89446613932 6.7917880295 110.798 0.355012447398 0.360379518176
89.0378 6.47634604102 6.44121786326 86.896 0.291879442505 0.293471252184
142.11 7.15086426753 6.57724300299 95.4877 0.304033165365 0.330548817698
91.3029 6.51258877929 6.30885412139 79.2783 0.323212387714 0.333650030427
121.673 6.92686525029 6.8517365505 115.499 0.0819818002372 0.0828807235996
90.5092 6.49999254034 6.49999254034 90.5092 0.190682042041 0.190682042041
115.208 6.84809709023 6.66589014674 101.539 0.233639328735 0.240025678799
113.424 6.82558213003 6.78422913277 110.219 0.329471292182 0.331479571263
90.4402 6.49889227736 6.34246941005 81.1472 0.198590420502 0.203488210462
176.64 7.464668267 6.93533008801 122.389 0.330628889149 0.355864096686
145.197 7.18186783505 7.0209910472 129.876 0.326646065538 0.334130731084
146.142 7.19122704611 6.8747232066 117.354 0.255850705167 0.267629758387
74.0496 6.21042003729 6.09886376223 68.5395 0.266940015039 0.271822700553
204.088 7.67304754682 7.26819107922 154.15 0.327342863109 0.345576681374
146.484 7.19459928185 6.98299357469 126.5 0.340330282726 0.35064331386
142.637 7.15620445481 7.07867387336 135.174 0.33784667104 0.341547003803
108.958 6.76762831681 6.64071491068 99.7825 0.0721263150537 0.0735047504236
81.3204 6.34554540644 6.26827156466 77.0793 0.164273350842 0.166298475757
109.56 6.77557736093 6.69146437342 103.355 0.252015128052 0.255183006432
78.1618 6.28839178662 6.1780493026 72.4066 0.260605280893 0.265259797656
344.015 8.42632766154 8.12814386874 279.779 0.396141493085 0.410674081928
102.486 6.67928303502 6.58048319958 95.7024 0.191241408436 0.194112720331
113.318 6.82423323406 6.79948886249 111.391 0.263080122558 0.264037511037
84.1102 6.39420886085 6.39420886085 84.1102 0.254146985609 0.254146985609
157.856 7.30246528733 7.13461113764 140.518 0.224385469356 0.229664528219
123.958 6.95370757284 6.63483863351 99.3769 0.316303521137 0.331505001363
92.9717 6.53871973065 6.48034430005 89.2849 0.195745958202 0.197509252569
104.776 6.71116448064 6.64705542293 100.222 0.241431924982 0.243760470815
301.716 8.23704739441 7.60302540597 194.419 0.3026716624 0.327911679234
124.722 6.96257215768 6.86450808359 116.526 0.154151609541 0.156353768046
82.6376 6.36872645027 6.29690336248 78.6243 0.274297418728 0.277426081573
110.715 6.79070688578 6.62847907808 98.9398 0.251795098929 0.257957623757
128.618 7.00694875074 6.71784090149 105.262 0.184067706847 0.19198921312
58.2242 5.86354700684 5.77897861438 54.9093 0.253424976857 0.257133546197
155.257 7.27851450581 6.91830274273 120.953 0.306648377761 0.322614483453
100.693 6.65381958299 6.58392970249 95.9313 0.280230657865 0.283205368725
90.4064 6.49835300161 6.45580064253 87.7788 0.298419490267 0.300386473761
126.895 6.98749141406 6.88088139724 117.856 0.153249408973 0.155623802764
101.887 6.6708261762 6.53088071945 92.4679 0.314947034941 0.321695804142
77.4312 6.27484309557 6.27484309557 77.4312 0.272304996396 0.272304996396
107.007 6.74156136523 6.61598121081 98.0864 0.153321982028 0.156232237901
121.082 6.9198406003 6.8058083487 111.88 0.320472998815 0.32584256783
125.98 6.97705090611 6.94537360205 123.244 0.26065522658 0.261844054618
54.8284 5.77685146847 5.60989676664 48.8368 0.248410404144 0.255803282602
108.032 6.75531490405 6.67802963804 102.397 0.133135239474 0.134676022153
89.5304 6.48430572679 6.44145526017 86.9103 0.111759430653 0.112502887458
79.8758 6.3196865704 6.10935011111 69.0395 0.259094156589 0.268014409403
87.8238 6.45654005389 6.26943903441 77.1417 0.248795098966 0.25621997644
110.138 6.78316850566 6.73277117872 106.357 0.239238606394 0.241029397428
88.8207 6.47282403618 6.40266249529 84.6045 0.237788915459 0.240394649672
149.277 7.22184808772 6.96982969523 125.351 0.29965638356 0.31049150054
179.917 7.49118770019 7.2678353921 154.112 0.251063207644 0.2587787851
141.711 7.14680793836 6.80473766469 111.797 0.415665509743 0.436560777375
121.112 6.92019800677 6.77553785614 109.557 0.101925247646 0.104101388049
82.865 6.37269096876 6.3313487259 80.5241 0.294561000999 0.296484416209
58.1721 5.86225548097 5.73475567736 53.2517 0.219756315043 0.224642118134
118.862 6.89314375117 6.76723103702 108.928 0.273997175732 0.279095232511
65.6901 6.03760405665 5.99730144139 63.8804 0.276929650065 0.278790651925
94.2742 6.55879109776 6.34070468007 81.048 0.271108955073 0.280433656948
112.481 6.81353751548 6.72632716641 105.883 0.122846326209 0.124439093068
88.4552 6.46687505175 6.337263302 80.8549 0.14093250652 0.143814903526
99.2045 6.63233365885 6.32799807056 80.3373 0.281592218266 0.295134974198
100.492 6.65093684521 6.54242676711 93.2109 0.164384657613 0.167111075908
106.406 6.7334356933 6.61317358674 97.8957 0.068289637644 0.0695315006576
97.8744 6.61285965316 6.53754612499 92.8961 0.290916984301 0.294268392318
116.011 6.85811779593 6.81957877859 112.953 0.223143434147 0.224404469316
91.1851 6.51072619655 6.45708861651 87.8572 0.322050308952 0.324725508295
104.626 6.70909760168 6.60297346122 97.206 0.24338883089 0.247300618607
79.4879 6.31266335857 6.29786454166 78.6767 0.17058678624 0.170987633639
87.0909 6.4444500765 6.36464246434 82.404 0.283785381129 0.287343826676
97.8035 6.61181418933 6.52149836789 91.8685 0.156837493604 0.159009526205
118.671 6.89082361197 6.67625330175 102.271 0.129862639019 0.134036337271
69.6567 6.12219022147 6.05725963322 66.5912 0.321939717241 0.325390739071
154.565 7.27206985934 7.03974158461 131.575 0.321990285392 0.332616733336
64.7797 6.0174698818 5.9747724944 62.8906 0.156581585218 0.157700560813
113.053 6.82085546605 6.74289549085 107.106 0.0628997066319 0.0636269401439
113.849 6.8309778093 6.73297463406 106.372 0.219605418448 0.222801929571
77.254 6.27153772863 6.20861479917 73.957 0.23499953583 0.237381203834
116.208 6.86056558006 6.77537982618 109.545 0.126164165269 0.127750406898
73.1552 6.19288851219 6.19288851219 73.1552 0.461590656345 0.461590656345
162.188 7.34152327085 7.17714044045 144.722 0.319695244582 0.327017437816
157.983 7.30362551314 7.22457091979 149.559 0.349212816293 0.353034064294
124.407 6.95892385355 6.82168470747 113.118 0.176135141767 0.179678641282
69.6794 6.12266029602 6.12266029602 69.6794 0.316172818146 0.316172818146
101.14 6.66020987335 6.57311545071 95.2149 0.306473088145 0.31053388654
157.718 7.30120351083 7.02883432912 130.584 0.256485807422 0.266424700021
84.9922 6.40925854158 6.36716659946 82.5483 0.306340445848 0.308365595357
97.9425 6.61386311646 6.44680375449 87.2331 0.11550889378 0.118502135521
167.735 7.3900399464 7.13175409098 140.24 0.155258409293 0.16088129681
113.73 6.82946905212 6.68997002548 103.248 0.102910437747 0.105056322683
317.836 8.31213873196 7.87289646121 234.411 0.20548092503 0.216945054979
111.107 6.79580590252 6.6910734786 103.327 0.220120156817 0.223565600609
110.464 6.78743246452 6.69412801285 103.546 0.116476879306 0.11810036355
75.0512 6.22980323429 6.17517925505 72.2627 0.231750347804 0.233800349215
120.337 6.91093648573 6.7776301206 109.716 0.164672531205 0.167911406178
120.798 6.91645275856 6.82888541195 113.684 0.151715553148 0.153661013882
100.424 6.64996028519 6.56494513508 94.6772 0.222189728907 0.225067055795
108.948 6.76749590237 6.70974554236 104.673 0.0999009543229 0.100760795585
96.0352 6.58549139195 6.48961518419 89.8605 0.111806857112 0.113458668068
232.16 7.85897561429 7.56099765832 188.837 0.203535215037 0.211556511973
69.0363 6.10928324025 6.08722095739 67.9886 0.208544753712 0.209300595068
111.414 6.79978671923 6.6548651232 100.766 0.186446632547 0.190506841591
75.6925 6.24207845258 6.21074536371 74.0663 0.170109531752 0.170967731012
105.461 6.72056577156 6.72056577156 105.461 0.291100017273 0.291100017273
297.372 8.21612500205 7.52305221831 183.935 0.319912721708 0.349385174398
110.093 6.78257893128 6.71771754443 105.253 0.157943753951 0.15946874378
123.968 6.95382395394 6.8560893275 115.848 0.239425024842 0.242838066044
72.4849 6.17960858017 6.1122288866 69.1774 0.183956472192 0.185984362665
104.714 6.71031052966 6.67921264832 102.481 0.13566223345 0.136293865989
99.972 6.6434521786 6.59998125703 97.0046 0.18235054027 0.18355159611
226.732 7.82484421113 7.19348593533 146.371 0.321060989793 0.349239888697
109.447 6.7740885998 6.7076904307 104.524 0.280217787758 0.282991611066
105.606 6.72254799345 6.63863429355 99.6387 0.222153426204 0.224961491104
281.186 8.13538095547 7.55215416905 187.683 0.29667663475 0.319587946731
150.588 7.23446299942 7.00453509967 128.403 0.0639503589433 0.0660495663156
243.756 7.92929392069 7.63103150536 198.23 0.328387310385 0.341222481134
211.903 7.72726020247 7.37526537794 166.026 0.153153623894 0.160463094158
125.704 6.97388674795 6.88553775967 118.237 0.21454542199 0.217298274655
54.5419 5.76929305317 5.61270929457 48.9321 0.273222413546 0.280844791653
105.163 6.7164833934 6.64922743113 100.373 0.230937214197 0.233273110318
90.3128 6.49685856972 6.47631525466 89.0359 0.218068877794 0.218760607193
103.895 6.69898241525 6.65535182861 100.8 0.309970637342 0.312002716351
119.779 6.90423118261 6.57754061369 95.5074 0.296840252473 0.311583591459
177.646 7.47286139409 7.31942826456 159.723 0.250759480463 0.256016012867
177.747 7.47368140013 7.17404681857 144.412 0.150541292174 0.156828869915
112.027 6.8077026727 6.8077026727 112.027 0.317066323559 0.317066323559
110.536 6.78837250114 6.75044572005 107.668 0.295458982571 0.297118992682
106.04 6.72846476509 6.65866850185 101.032 0.219649206472 0.221951572753
131.913 7.04344293868 6.91642887229 120.796 0.317013997601 0.32283567779
88.0404 6.46009379483 6.42936321938 86.1849 0.177501098001 0.178349504087
108.253 6.75826319648 6.69453201009 103.575 0.053240307254 0.0537471489481
91.0319 6.50830028753 6.44192661795 86.9387 0.262335531833 0.265038476611
132.712 7.05215501683 6.77246634175 109.324 0.285172277003 0.296949294754
96.4736 6.59206229779 6.49929102031 90.4652 0.161426368366 0.16373057822
72.4743 6.17939758883 6.17939758883 72.4743 0.32300228628 0.32300228628
124.537 6.96043062111 6.89641717678 119.132 0.174887322248 0.176510649199
110.616 6.7894162684 6.66029545684 101.146 0.315374130344 0.321488177975
106.52 6.73498052344 6.70109155804 104.047 0.283425974059 0.284859324573
111.663 6.80300741177 6.71168762022 104.814 0.268467504809 0.272120296471
112.3 6.81121411751 6.67508197943 102.188 0.173159849272 0.176691284628
135.609 7.08330911917 6.95312552647 123.908 0.134587827541 0.137107719761
72.1971 6.17386898325 6.1276827993 69.9224 0.297586583599 0.299829582974
136.893 7.09690486629 6.89268245002 118.824 0.238817292313 0.245893179653
128.922 7.01035466436 6.95539418061 124.103 0.369153993622 0.372070993226
73.6315 6.20225118687 6.20225118687 73.6315 0.402879507827 0.402879507827
196.065 7.61518820958 7.36580624922 164.941 0.220985237015 0.228467069927
111.955 6.80677515132 6.72960714919 106.124 0.316534094063 0.320163771562
103.987 6.70025936999 6.70025936999 103.987 0.33798337593 0.33798337593
63.2888 5.98387830838 5.94396351 61.5618 0.279271767471 0.281147128293
87.2391 6.44690298142 6.44690298142 87.2391 0.250565999928 0.250565999928
350.914 8.45497369616 8.19897536461 293.858 0.386933570577 0.399014878799
83.9744 6.39187767728 6.30778733275 79.2197 0.0803360551529 0.0814070307898
212.028 7.72811098661 7.39526849232 168.344 0.295338575402 0.308631024242
102.461 6.67893106718 6.55887373257 94.2796 0.354145893409 0.360628380153
79.1731 6.30693843569 6.24837164328 76.0234 0.153499016985 0.154937783046
103.244 6.68991413198 6.62503226135 98.7037 0.118683206962 0.119845524092
112.672 6.8159852272 6.71032430707 104.715 0.241509856443 0.24531267617
109.379 6.77319196717 6.67974750112 102.519 0.328291679395 0.332884224351
54.3643 5.76458766695 5.70391741218 52.1255 0.332094911107 0.335627269906
100.251 6.64747281736 6.55196198447 93.829 0.214272069158 0.217395607396
77.9263 6.2840384126 6.2840384126 77.9263 0.303396233537 0.303396233537
122.977 6.94224470787 6.77192518344 109.283 0.24047811427 0.246526337921
117.105 6.87165886528 6.8061951475 111.91 0.0708402396239 0.0715215990845
86.1557 6.42887434218 6.38994877253 83.8622 0.298257266804 0.300074156802
78.2313 6.28967403388 6.0016896684 64.075 0.326448881777 0.342113166216
124.798 6.96345100368 6.88288755322 118.02 0.29591844892 0.29938214219
119.697 6.90324318383 6.86169488159 116.299 0.319928173488 0.321865373069
151.358 7.24182112034 7.17579403336 144.587 0.385773077182 0.389322715369
97.0986 6.60137858942 6.53879886809 92.9768 0.268516286314 0.271086127459
90.8145 6.50485076033 6.47512218236 88.9623 0.266125882365 0.267347719393
89.8538 6.48950761282 6.43140901317 86.3072 0.238200333821 0.240352133808
87.7442 6.45523185953 6.33786270271 80.8885 0.287787520553 0.293116979429
104.539 6.70789745371 6.63032100891 99.0662 0.304219992011 0.307779443414
64.66 6.01480160235 6.01480160235 64.66 0.274251346527 0.274251346527
117.103 6.87163422573 6.84107996117 114.649 0.19674853906 0.197627275597
116.561 6.86494134951 6.82080442024 113.049 0.103859413953 0.104531480666
115.46 6.85124932023 6.61193661706 97.8118 0.203951697207 0.211333533241
93.3238 6.5441731477 6.45070979126 87.4696 0.226935178545 0.230223207951
92.1228 6.52548635626 6.48469241155 89.5544 0.115302781755 0.116028129235
127.212 6.99109095728 6.75944881818 108.342 0.268663970618 0.277870919073
110.01 6.78149086166 6.67783237531 102.383 0.24432910967 0.248121775352
104.977 6.71392946414 6.71392946414 104.977 0.516456112626 0.516456112626
110.788 6.79165781414 6.69223189431 103.41 0.328508743451 0.3333893699
79.1993 6.30741577404 6.18352422889 72.6819 0.233715247651 0.238397907909
107.029 6.74185794423 6.6189698039 98.2898 0.165370920551 0.16844120573
180.705 7.49749261504 7.01227813874 129.094 0.490957671067 0.52492947945
131.618 7.04021299446 6.95898183526 124.412 0.214656648775 0.217162303887
153.982 7.26661790415 6.7074143538 104.504 0.335790718753 0.363785912161
108.25 6.75822321473 6.65969626581 101.104 0.148729539724 0.150929920519
113.688 6.82893617264 6.75530154965 108.031 0.195908740677 0.198044199198
68.9388 6.10724428119 6.10724428119 68.9388 0.244681575463 0.244681575463
167.018 7.38385978416 7.2214421195 149.235 0.382199246604 0.390795300971
107.203 6.74420146893 6.41111265598 85.1015 0.307036610971 0.322988671989
106.826 6.73911901195 6.70043971814 104.0 0.31727501621 0.319106533855
87.0994 6.44459087548 6.3617753764 82.2404 0.277386588135 0.28099751549
162.935 7.34815273165 7.17930203544 144.939 0.351571933264 0.359840587433
106.579 6.73577939166 6.62511995722 98.7097 0.255759919232 0.260031879317
95.9229 6.58380337074 6.52244186455 91.9286 0.258428555867 0.260859787261
78.8768 6.30152911823 6.30152911823 78.8768 0.242545968848 0.242545968848
89.4313 6.48270794253 6.48270794253 89.4313 0.250448857556 0.250448857556
123.705 6.95076000318 6.83902737792 114.486 0.296509441062 0.301353664726
124.183 6.95632387948 6.87597660214 117.456 0.197588797697 0.199897665636
125.409 6.97049707691 6.95032843048 123.668 0.226694717607 0.22735254632
95.4163 6.57616383827 6.46441995573 88.3048 0.19652415241 0.199921266452
115.718 6.8544694837 6.7332865432 106.395 0.305742792222 0.311245426093
114.451 6.83858625807 6.74969515406 107.612 0.11723097912 0.118774869758
103.461 6.69294323083 6.63753924571 99.5631 0.219071439185 0.220900043176
98.6872 6.62479107021 6.54326232362 93.2649 0.231628975412 0.234515061756
71.6673 6.16324309821 6.16324309821 71.6673 0.283087131134 0.283087131134
88.2844 6.46408662867 6.42984356403 86.2136 0.281967293036 0.283468950759
71.1511 6.15281415596 6.04052864333 65.8234 0.326157889339 0.33222073714
86.5685 6.43577025655 6.32792084921 80.333 0.102196255642 0.103938029261
73.67 6.20300533751 6.20300533751 73.67 0.169643198132 0.169643198132
187.488 7.55065444995 7.36908255145 165.316 0.365271860824 0.374272045687
93.3695 6.54487945227 6.28844715896 78.1648 0.284373410406 0.295969679555
130.443 7.02727571625 6.95461509655 124.036 0.309783177954 0.313019739198
285.316 8.15641684266 7.44928898656 174.767 0.357577314012 0.391520537306
79.8895 6.31993399487 6.24966150159 76.0914 0.255781617767 0.258657679456
106.192 6.73053127423 6.62172516218 98.4777 0.454781951295 0.462254785751
94.0051 6.55466712343 6.46655860508 88.4358 0.318584476128 0.322925271267
137.013 7.09816897454 6.72129062369 105.514 0.339910277194 0.358969834633
93.3752 6.5449675229 6.49389706869 90.1276 0.190996972609 0.192499044791
162.688 7.34596403034 7.04388034101 131.953 0.335422873382 0.349807810969
127.882 6.99866940209 6.99866940209 127.882 0.463498203974 0.463498203974
104.151 6.70253288118 6.62043978765 98.39 0.183617962465 0.18589481522
86.0779 6.42757097649 6.23008193813 75.0657 0.284067284919 0.293072009975
108.555 6.76228236722 6.73415410957 106.459 0.154451450932 0.155096587669
102.136 6.6743476541 6.63868062645 99.6419 0.190220856125 0.19124283819
95.3246 6.57477666703 6.45753355451 87.8843 0.281294579794 0.286401769992
105.31 6.71849862771 6.57389556715 95.2664 0.175381846607 0.17923964318
90.9002 6.50621156355 6.50621156355 90.9002 0.311591022639 0.311591022639
99.6047 6.63814191456 6.51262670167 91.3053 0.10939798653 0.111506369553
223.586 7.80468604538 7.28015830656 155.434 0.306007878165 0.328055423512
178.35 7.47856740558 7.16708691521 143.717 0.346030216994 0.361068636779
103.325 6.69104555349 6.65404880733 100.709 0.275819197 0.277352761467
132.625 7.05120894091 6.95782175813 124.312 0.168257814601 0.17051615404
205.724 7.68456629993 7.42939837198 172.374 0.329951165383 0.341283570913
102.543 6.68008520075 6.60696034451 97.475 0.27771125723 0.280784924197
109.088 6.76934859948 6.69980146186 103.954 0.186755181371 0.188693789309
114.256 6.83612611823 6.66870064782 101.737 0.144325238242 0.147948690872
118.065 6.88343753546 6.79987735908 111.421 0.251159200906 0.254245566442
66.7831 6.0614111582 6.03605709305 65.6197 0.157059095241 0.157718811753
173.84 7.44161626941 7.30246528733 157.856 0.227095867743 0.231423257436
114.052 6.83354793555 6.70982823725 104.679 0.384835042299 0.391930853643
96.937 6.59897552965 6.54536763578 93.4011 0.213146496422 0.214892209634
76.3091 6.25378320623 6.25378320623 76.3091 0.441107856705 0.441107856705
85.2258 6.41321833165 6.31367757971 79.5438 0.256053437386 0.260090347945
185.015 7.53149843105 6.85537931219 115.791 0.309064367996 0.339546171941
89.7906 6.48849251487 6.47859490833 89.1767 0.137007684235 0.137216996311
83.541 6.3844125078 6.33776281988 80.8829 0.141118201634 0.142156915176
83.1854 6.3782584358 6.34203732194 81.1229 0.199360235134 0.200498836093
121.664 6.92675853199 6.80420847924 111.756 0.267501037942 0.272318977664
117.605 6.87780558772 6.87780558772 117.605 0.244856362805 0.244856362805
80.8043 6.33636016291 6.18282734525 72.6468 0.312679018723 0.320443507053
65.3829 6.03084146286 6.01126304276 64.5016 0.184808907001 0.185410821506
123.262 6.94558429478 6.77183277026 109.276 0.251326286524 0.25777481042
76.2919 6.25345798746 6.14125088936 70.5831 0.225300644022 0.229417123208
105.895 6.72649066158 6.6884041884 103.136 0.308841809852 0.310600479779
116.602 6.86544872416 6.79427288949 110.989 0.157453800526 0.159103264105
113.421 6.82554397107 6.63039090932 99.071 0.26823690463 0.276131952438
133.331 7.05886844167 6.8739239057 117.289 0.222902254826 0.228899492306
72.5226 6.1803587428 6.1803587428 72.5226 0.328947304518 0.328947304518
243.755 7.92928800208 7.22857822128 149.975 0.380979523732 0.417910171834
82.2405 6.36177713064 6.26323163581 76.8105 0.213450363127 0.216808784606
122.101 6.93193120574 6.5225517159 91.9356 0.299590722531 0.318394145254
88.6673 6.47033023971 6.41677895292 85.4364 0.162567359655 0.163924067026
171.92 7.42559357765 7.06039331223 133.472 0.285632939814 0.300407361127
135.509 7.08224486293 7.03703073094 131.328 0.378313115828 0.380743842623
103.648 6.69554846813 6.44019146075 86.8342 0.222605581654 0.231432011039
120.612 6.91422964162 6.86736523703 116.757 0.317105463273 0.319269460412
60.1177 5.90971791016 5.90971791016 60.1177 0.276142983095 0.276142983095
148.745 7.21669736343 7.02090217846 129.868 0.198899595971 0.204446402092
108.337 6.75938223605 6.62436706076 98.6582 0.40240164142 0.410603229232
74.4558 6.21831233195 6.13476513407 70.2665 0.146900982477 0.148901575031
115.553 6.85241090548 6.72533217137 105.81 0.190297253496 0.193893021476
80.6182 6.33303366671 6.24790283555 75.9987 0.130876630228 0.132659890404
73.3577 6.1968765014 5.99529682064 63.7917 0.23336661224 0.241213090672
94.9002 6.56833922258 6.52815245145 92.2932 0.166190932581 0.167213990333
280.554 8.13213467196 7.24363100258 151.548 0.313169477576 0.351582840966
111.966 6.80691689457 6.73267622307 106.35 0.13557861512 0.137073629449
91.7298 6.5193185891 6.44436227725 87.0856 0.294450428111 0.297875269416
279.739 8.12793759191 7.51084327171 182.385 0.0864000489583 0.0934987165177
114.137 6.83462273831 6.83462273831 114.137 0.283792262461 0.283792262461
112.503 6.81381966257 6.76566734092 108.81 0.092662987726 0.0933224848259
83.8871 6.39037706769 6.34611300276 81.3524 0.277231233727 0.279164918382
93.2394 6.54286781557 6.3787526303 83.2139 0.293605888265 0.301159901964
