98.42 6.62
93.54 6.55
111.69 6.8
87.32 6.45
176.5 7.46
120.73 6.92
403.09 8.65
140.79 7.14
190.06 7.57
106.2 6.73
123.19 6.94
163.23 7.35
69.75 6.12
163.48 7.35
146.58 7.2
125.02 6.97
193.2 7.59
142.82 7.16
100.33 6.65
143.27 7.16
118.36 6.89
190.44 7.57
169.36 7.4
187.91 7.55
110.85 6.79
217.67 7.77
193.77 7.6
235.48 7.88
125.8 6.97
174.63 7.45
114.0 6.83
143.95 7.17
161.15 7.33
208.34 7.7
113.66 6.83
143.65 7.17
128.8 7.01
124.94 6.97
162.91 7.35
118.19 6.88
67.39 6.07
93.14 6.54
120.79 6.92
120.92 6.92
143.09 7.16
146.44 7.19
192.73 7.59
112.03 6.81
249.33 7.96
90.03 6.49
110.25 6.78
210.78 7.72
94.31 6.56
171.77 7.42
216.21 7.76
78.84 6.3
162.8 7.35
87.51 6.45
115.26 6.85
71.9 6.17
114.08 6.83
136.39 7.09
155.8 7.28
169.82 7.41
121.63 6.93
109.74 6.78
97.02 6.6
179.08 7.48
140.5 7.13
215.2 7.75
99.39 6.64
117.9 6.88
133.15 7.06
116.66 6.87
147.58 7.21
117.51 6.88
90.42 6.5
142.3 7.15
109.03 6.77
162.03 7.34
175.55 7.46
111.44 6.8
126.21 6.98
93.56 6.55
136.33 7.09
121.6 6.93
169.54 7.41
237.84 7.89
106.63 6.74
154.86 7.27
148.33 7.21
106.31 6.73
122.78 6.94
143.19 7.16
98.51 6.62
100.75 6.65
106.67 6.74
107.44 6.75
104.26 6.7
212.23 7.73
129.0 7.01
145.28 7.18
150.83 7.24
256.77 8.0
100.94 6.66
154.58 7.27
233.79 7.87
328.9 8.36
116.4 6.86
104.81 6.71
136.47 7.09
144.47 7.17
134.66 7.07
83.93 6.39
123.75 6.95
112.86 6.82
103.44 6.69
122.98 6.94
94.95 6.57
113.62 6.83
120.12 6.91
110.12 6.78
64.52 6.01
162.07 7.34
94.11 6.56
131.28 7.04
86.48 6.43
122.25 6.93
255.43 8.0
186.54 7.54
108.27 6.76
119.98 6.91
112.02 6.81
68.46 6.1
112.86 6.82
274.88 8.1
100.98 6.66
85.56 6.42
88.05 6.46
88.68 6.47
190.63 7.57
130.18 7.02
131.96 7.04
134.05 7.07
187.4 7.55
129.84 7.02
115.77 6.86
145.1 7.18
150.14 7.23
154.73 7.27
96.09 6.59
96.48 6.59
104.61 6.71
113.02 6.82
108.53 6.76
116.56 6.86
55.87 5.8
201.37 7.65
136.12 7.09
67.52 6.08
180.47 7.5
308.52 8.27
116.06 6.86
120.74 6.92
106.1 6.73
218.35 7.77
94.81 6.57
107.45 6.75
114.03 6.83
121.91 6.93
210.74 7.72
298.88 8.22
116.4 6.86
193.55 7.6
116.94 6.87
103.08 6.69
144.04 7.17
165.44 7.37
117.64 6.88
200.32 7.65
123.12 6.94
90.73 6.5
98.77 6.63
99.47 6.64
119.55 6.9
113.18 6.82
101.37 6.66
122.52 6.94
132.46 7.05
192.97 7.59
208.56 7.7
119.34 6.9
130.76 7.03
85.67 6.42
111.16 6.8
113.23 6.82
118.9 6.89
116.54 6.86
141.47 7.14
104.2 6.7
106.62 6.74
175.21 7.45
129.58 7.02
89.69 6.49
97.84 6.61
104.55 6.71
166.55 7.38
124.13 6.96
126.58 6.98
49.73 5.64
166.59 7.38
214.26 7.74
103.1 6.69
121.9 6.93
188.16 7.56
361.7 8.5
273.23 8.09
98.18 6.62
86.17 6.43
149.51 7.22
74.76 6.22
129.05 7.01
123.85 6.95
118.47 6.89
109.57 6.78
234.82 7.88
146.19 7.19
119.25 6.9
160.33 7.32
136.29 7.09
73.91 6.21
102.4 6.68
134.13 7.07
94.63 6.56
110.87 6.79
128.01 7.0
256.44 8.0
167.79 7.39
345.05 8.43
136.0 7.09
218.13 7.77
286.24 8.16
100.6 6.65
124.54 6.96
121.24 6.92
92.49 6.53
123.79 6.95
85.3 6.41
104.06 6.7
82.45 6.37
98.02 6.61
107.79 6.75
114.56 6.84
119.2 6.9
276.41 8.11
136.01 7.09
125.41 6.97
74.29 6.22
130.44 7.03
199.5 7.64
110.77 6.79
79.39 6.31
90.95 6.51
109.31 6.77
97.88 6.61
96.7 6.6
122.03 6.93
113.5 6.83
121.64 6.93
143.0 7.16
178.62 7.48
107.93 6.75
84.6 6.4
89.0 6.48
109.59 6.78
131.74 7.04
215.82 7.75
121.03 6.92
115.92 6.86
94.61 6.56
110.96 6.79
146.03 7.19
89.85 6.49
100.32 6.65
82.77 6.37
108.8 6.77
196.91 7.62
99.8 6.64
114.53 6.84
73.43 6.2
108.56 6.76
215.01 7.75
100.5 6.65
156.75 7.29
244.48 7.93
199.88 7.64
97.0 6.6
75.04 6.23
107.97 6.75
191.54 7.58
83.71 6.39
123.82 6.95
90.74 6.5
218.12 7.77
250.86 7.97
121.05 6.92
102.92 6.69
130.89 7.03
136.27 7.09
107.67 6.75
154.82 7.27
113.9 6.83
145.86 7.19
197.25 7.62
95.75 6.58
168.91 7.4
124.75 6.96
114.84 6.84
112.08 6.81
346.84 8.44
169.81 7.41
132.7 7.05
120.97 6.92
292.02 8.19
132.73 7.05
233.81 7.87
124.2 6.96
119.22 6.9
85.63 6.42
92.56 6.53
103.35 6.69
106.36 6.73
93.77 6.55
136.09 7.09
127.64 7.0
95.0 6.57
105.4 6.72
102.01 6.67
206.16 7.69
128.44 7.0
115.94 6.86
96.24 6.59
88.06 6.46
96.91 6.6
96.41 6.59
113.76 6.83
100.92 6.66
118.19 6.88
113.89 6.83
105.7 6.72
164.14 7.36
98.26 6.62
190.13 7.57
116.36 6.86
135.9 7.09
186.73 7.54
186.02 7.54
82.03 6.36
239.2 7.9
114.83 6.84
102.67 6.68
122.85 6.94
92.27 6.53
116.54 6.86
114.46 6.84
92.19 6.53
269.22 8.07
80.75 6.34
220.48 7.78
94.89 6.57
106.87 6.74
127.89 7.0
132.57 7.05
93.44 6.55
104.81 6.71
73.64 6.2
122.42 6.94
129.97 7.02
245.66 7.94
98.86 6.63
160.34 7.33
109.1 6.77
94.88 6.57
118.74 6.89
128.54 7.01
96.3 6.59
126.58 6.98
134.44 7.07
106.13 6.73
151.35 7.24
134.43 7.07
114.64 6.84
92.13 6.53
193.88 7.6
183.79 7.52
85.84 6.42
68.07 6.09
122.39 6.94
122.11 6.93
115.36 6.85
123.91 6.95
196.32 7.62
109.42 6.77
133.47 7.06
144.9 7.18
200.6 7.65
149.86 7.23
117.5 6.88
123.37 6.95
113.36 6.82
84.13 6.39
101.9 6.67
72.44 6.18
105.34 6.72
98.01 6.61
213.21 7.74
185.19 7.53
104.18 6.7
149.37 7.22
133.52 7.06
121.02 6.92
87.04 6.44
129.48 7.02
230.41 7.85
100.35 6.65
110.92 6.79
89.31 6.48
99.95 6.64
169.53 7.41
114.3 6.84
120.26 6.91
89.56 6.48
118.02 6.88
92.62 6.53
101.87 6.67
104.67 6.71
115.92 6.86
122.04 6.93
117.61 6.88
209.51 7.71
96.56 6.59
178.58 7.48
78.14 6.29
118.81 6.89
139.46 7.12
81.17 6.34
115.55 6.85
140.81 7.14
83.98 6.39
98.98 6.63
110.21 6.78
113.06 6.82
106.84 6.74
145.95 7.19
109.13 6.77
90.82 6.5
119.61 6.9
122.57 6.94
105.11 6.72
109.4 6.77
144.64 7.18
150.15 7.23
138.38 7.11
149.74 7.23
179.18 7.49
75.12 6.23
101.47 6.66
94.41 6.56
120.86 6.92
117.67 6.88
266.75 8.06
111.95 6.81
207.07 7.69
105.4 6.72
141.19 7.14
121.65 6.93
147.83 7.21
112.13 6.81
147.43 7.2
108.22 6.76
95.05 6.57
120.82 6.92
84.45 6.4
96.33 6.59
126.81 6.99
288.62 8.17
166.22 7.38
100.92 6.66
90.06 6.49
83.36 6.38
199.57 7.64
125.24 6.97
126.76 6.99
203.57 7.67
130.81 7.03
117.68 6.88
263.25 8.04
118.63 6.89
290.04 8.18
99.16 6.63
121.58 6.93
106.37 6.73
120.01 6.91
111.52 6.8
109.99 6.78
158.94 7.31
232.02 7.86
96.01 6.59
66.28 6.05
136.38 7.09
125.6 6.97
191.44 7.58
109.57 6.78
272.91 8.09
88.6 6.47
164.16 7.36
100.89 6.66
151.2 7.24
120.05 6.91
156.41 7.29
93.6 6.55
185.46 7.53
107.32 6.75
115.34 6.85
133.11 7.06
118.3 6.89
109.96 6.78
116.38 6.86
116.06 6.86
154.6 7.27
113.11 6.82
135.21 7.08
107.34 6.75
90.89 6.51
103.84 6.7
241.79 7.92
100.27 6.65
90.2 6.5
115.37 6.85
175.92 7.46
100.35 6.65
137.81 7.11
82.74 6.37
181.01 7.5
147.97 7.21
93.61 6.55
130.87 7.03
247.77 7.95
107.13 6.74
163.86 7.36
81.4 6.35
96.14 6.59
162.8 7.35
86.14 6.43
117.94 6.88
151.82 7.25
260.27 8.02
77.92 6.28
121.98 6.93
197.54 7.63
83.33 6.38
192.84 7.59
101.11 6.66
80.48 6.33
113.47 6.83
151.95 7.25
99.45 6.64
177.27 7.47
104.23 6.7
105.65 6.72
126.84 6.99
172.72 7.43
132.36 7.05
129.67 7.02
118.86 6.89
113.2 6.82
330.01 8.37
107.18 6.74
104.54 6.71
148.12 7.21
133.24 7.06
154.49 7.27
188.38 7.56
144.15 7.17
111.99 6.81
96.96 6.6
94.59 6.56
130.88 7.03
109.29 6.77
104.81 6.71
72.8 6.19
92.89 6.54
158.96 7.31
76.99 6.27
111.55 6.8
103.35 6.69
134.72 7.07
163.53 7.35
120.93 6.92
145.78 7.19
67.41 6.07
159.51 7.32
101.5 6.67
131.92 7.04
80.52 6.33
108.24 6.76
134.45 7.07
101.34 6.66
106.14 6.73
116.45 6.86
115.0 6.85
111.53 6.8
75.53 6.24
110.29 6.79
86.34 6.43
93.52 6.55
110.28 6.79
96.19 6.59
115.34 6.85
96.71 6.6
116.79 6.87
103.29 6.69
184.02 7.52
114.64 6.84
123.26 6.95
119.22 6.9
115.51 6.85
275.59 8.11
139.3 7.12
130.88 7.03
173.54 7.44
202.23 7.66
137.21 7.1
109.69 6.78
62.7 5.97
135.91 7.09
272.31 8.09
97.95 6.61
234.57 7.87
172.68 7.43
95.79 6.58
156.82 7.29
216.28 7.76
110.63 6.79
104.17 6.7
115.39 6.85
116.57 6.87
157.53 7.3
102.78 6.68
122.7 6.94
161.9 7.34
107.79 6.75
72.13 6.17
105.92 6.73
121.29 6.92
160.33 7.32
252.89 7.98
100.05 6.64
98.43 6.62
163.57 7.35
149.42 7.22
114.44 6.84
415.17 8.7
197.9 7.63
96.99 6.6
96.11 6.59
162.18 7.34
78.87 6.3
87.83 6.46
131.38 7.04
74.09 6.21
117.24 6.87
159.77 7.32
103.96 6.7
85.01 6.41
113.22 6.82
116.12 6.86
131.69 7.04
128.04 7.0
117.81 6.88
100.4 6.65
86.32 6.43
110.56 6.79
151.19 7.24
99.1 6.63
181.9 7.51
124.04 6.95
114.64 6.84
112.35 6.81
181.24 7.5
97.11 6.6
120.51 6.91
333.63 8.38
125.11 6.97
89.15 6.48
98.01 6.61
115.65 6.85
112.13 6.81
130.9 7.03
110.07 6.78
98.75 6.63
120.06 6.91
256.81 8.0
213.36 7.74
120.96 6.92
118.01 6.88
132.72 7.05
218.26 7.77
139.14 7.12
211.34 7.72
142.61 7.16
111.06 6.8
143.42 7.16
96.09 6.59
126.56 6.98
112.09 6.81
196.95 7.62
123.66 6.95
125.48 6.97
97.5 6.61
113.59 6.83
165.58 7.37
97.19 6.6
149.68 7.23
212.67 7.73
159.22 7.31
88.35 6.47
191.74 7.58
156.09 7.29
210.57 7.72
103.43 6.69
78.4 6.29
114.03 6.83
96.52 6.59
365.21 8.51
100.66 6.65
138.3 7.11
95.33 6.57
187.12 7.55
125.23 6.97
90.84 6.51
121.98 6.93
255.93 8.0
132.56 7.05
91.46 6.52
111.74 6.8
108.6 6.76
60.26 5.91
178.45 7.48
116.66 6.87
99.1 6.63
129.14 7.01
101.67 6.67
102.7 6.68
107.27 6.75
129.94 7.02
140.3 7.13
101.1 6.66
118.71 6.89
89.26 6.48
137.78 7.11
92.2 6.53
124.46 6.96
96.07 6.59
181.45 7.5
220.52 7.78
123.33 6.95
119.76 6.9
84.84 6.41
56.19 5.81
125.11 6.97
109.18 6.77
105.55 6.72
114.09 6.83
87.28 6.45
95.22 6.57
98.15 6.62
100.32 6.65
119.7 6.9
120.06 6.91
101.09 6.66
109.66 6.78
100.49 6.65
106.91 6.74
97.52 6.61
111.04 6.79
83.26 6.38
207.12 7.69
62.04 5.96
114.28 6.84
127.73 7.0
102.9 6.69
118.48 6.89
104.34 6.71
193.37 7.6
222.76 7.8
129.24 7.01
76.52 6.26
119.41 6.9
180.45 7.5
109.71 6.78
86.41 6.43
161.63 7.34
111.11 6.8
303.48 8.25
120.63 6.91
110.89 6.79
84.51 6.4
122.97 6.94
123.79 6.95
109.99 6.78
112.52 6.81
93.92 6.55
213.73 7.74
70.45 6.14
108.63 6.76
80.03 6.32
120.68 6.91
249.1 7.96
115.63 6.85
129.1 7.01
74.26 6.21
121.35 6.92
115.1 6.85
204.2 7.67
110.72 6.79
105.58 6.72
243.14 7.93
142.57 7.16
257.89 8.01
197.73 7.63
136.14 7.09
106.57 6.74
112.1 6.81
96.03 6.59
117.12 6.87
102.65 6.68
205.6 7.68
163.89 7.36
141.19 7.14
122.34 6.93
111.32 6.8
138.25 7.11
92.2 6.53
109.33 6.77
106.61 6.74
148.53 7.21
93.31 6.54
74.18 6.21
135.98 7.09
111.18 6.8
127.76 7.0
119.17 6.9
111.95 6.81
144.19 7.17
75.56 6.24
128.61 7.01
158.41 7.31
85.52 6.42
203.26 7.67
108.15 6.76
113.85 6.83
85.44 6.42
107.32 6.75
430.59 8.75
76.03 6.25
226.55 7.82
114.79 6.84
102.63 6.68
104.15 6.7
134.34 7.07
119.98 6.91
126.92 6.99
131.43 7.04
103.63 6.7
146.74 7.2
121.38 6.92
88.0 6.46
91.99 6.52
156.81 7.29
129.19 7.01
176.22 7.46
99.8 6.64
92.77 6.54
100.32 6.65
86.28 6.43
106.8 6.74
91.33 6.51
131.57 7.04
124.1 6.96
107.47 6.75
105.94 6.73
92.16 6.53
124.68 6.96
135.55 7.08
126.89 6.99
121.93 6.93
87.94 6.46
109.79 6.78
251.11 7.97
138.82 7.12
171.25 7.42
104.12 6.7
127.63 7.0
71.94 6.17
210.71 7.72
88.25 6.46
110.97 6.79
102.08 6.67
186.21 7.54
112.26 6.81
98.8 6.63
87.48 6.45
99.2 6.63
150.54 7.23
127.87 7.0
153.46 7.26
90.61 6.5
125.75 6.97
116.05 6.86
114.04 6.83
125.67 6.97
94.25 6.56
91.85 6.52
74.57 6.22
82.11 6.36
75.6 6.24
213.07 7.74
118.6 6.89
156.2 7.29
239.61 7.9
113.56 6.83
134.93 7.08
107.35 6.75
186.56 7.54
105.26 6.72
186.39 7.54
194.27 7.6
116.11 6.86
103.56 6.69
115.27 6.85
113.13 6.82
99.37 6.63
103.3 6.69
102.69 6.68
93.91 6.55
179.02 7.48
168.81 7.4
115.58 6.85
137.27 7.1
280.47 8.13
100.34 6.65
118.73 6.89
116.08 6.86
118.5 6.89
70.28 6.13
227.74 7.83
193.54 7.6
116.83 6.87
113.59 6.83
101.45 6.66
158.2 7.31
91.68 6.52
92.01 6.52
87.47 6.45
134.06 7.07
146.61 7.2
101.48 6.67
67.32 6.07
123.74 6.95
106.41 6.73
116.4 6.86
119.98 6.91
106.27 6.73
135.94 7.09
99.36 6.63
267.71 8.06
83.23 6.38
125.21 6.97
96.07 6.59
159.24 7.32
157.54 7.3
96.52 6.59
137.56 7.1
62.54 5.97
145.71 7.19
107.46 6.75
74.53 6.22
120.62 6.91
75.69 6.24
63.79 6.0
99.38 6.63
196.17 7.62
113.2 6.82
106.54 6.74
201.15 7.65
133.98 7.07
119.83 6.9
93.19 6.54
89.48 6.48
