106.491 6.73458769718 6.61885531116 98.282 0.186317312005 0.189575118085
76.6371 6.25997106443 6.18174859667 72.5925 0.15934670554 0.161363043206
104.523 6.70767662811 6.70767662811 104.523 0.288652443027 0.288652443027
55.0713 5.78322875969 5.61122255474 48.8817 0.224448902189 0.231329150388
194.396 7.60285472333 7.45328709834 175.252 0.373599524154 0.38109667176
130.366 7.02642384748 6.98432730836 126.617 0.234115183286 0.235526262484
243.589 7.92830517522 7.57723998125 190.975 0.447270334009 0.467993057185
33.9691 5.08615108989 4.8878956449 29.6076 0.197743091753 0.205763648553
123.056 6.94317119263 6.64522609946 100.095 0.296001896688 0.309273425959
100.699 6.65390554638 6.65390554638 100.699 0.375501613642 0.375501613642
126.825 6.98669535024 6.98669535024 126.825 0.400714460277 0.400714460277
110.811 6.7919572919 6.64899743939 100.357 0.381346156765 0.389545466635
61.6649 5.94637762794 5.94637762794 61.6649 0.343314272419 0.343314272419
128.346 7.00389452371 6.54386857275 93.3041 0.303791471901 0.325147640534
113.598 6.82779362483 6.55597869445 94.0906 0.300808932686 0.313280657032
145.379 7.18367507675 7.04679660957 132.22 0.316092027633 0.322231866006
186.445 7.54260629784 7.44384697013 174.109 0.388565648929 0.393720843873
119.603 6.90210976686 6.90210976686 119.603 0.266056779386 0.266056779386
80.9461 6.33888966774 6.02237447161 65.0003 0.296701094547 0.312294679034
95.0348 6.57038399353 6.48908367142 89.8274 0.282668924473 0.286210422129
111.394 6.79952771686 6.56527576267 94.6989 0.349930373919 0.362416045028
133.302 7.05855461588 6.88590376491 118.267 0.319326140825 0.327332632323
83.3534 6.38116914309 6.3228889704 80.0533 0.332783630021 0.335851007531
189.768 7.56809292537 6.92989749195 121.929 0.366769068648 0.400545952794
112.509 6.8138966022 6.6398456992 99.7224 0.279093531789 0.286409436921
187.66 7.55197736018 7.20201604632 147.239 0.369455627745 0.387408264349
176.172 7.46084083667 7.29980329351 157.565 0.186501261946 0.190615578978
118.673 6.89084792596 6.7045400179 104.296 0.338199306053 0.347597296825
139.199 7.12100503674 6.97232504156 125.568 0.186409811788 0.190384871722
157.127 7.29578729796 7.16399175669 143.409 0.401106533312 0.408485666966
127.764 6.99733757584 6.88752527074 118.4 0.31502807325 0.320050771176
159.655 7.31881392503 7.22990511159 150.113 0.34428119579 0.348514948811
115.953 6.85739633644 6.78066442931 109.947 0.310465296652 0.313978609331
159.197 7.31466933894 7.18925131958 145.942 0.341186768673 0.347138844467
106.65 6.73674015545 6.67518080237 102.195 0.382219740868 0.385744619172
77.6816 6.27950101099 6.22662219922 74.8859 0.31984009862 0.322556300733
114.864 6.8437828976 6.63071561059 99.0933 0.208537817372 0.215238841756
97.3098 6.60451319999 6.27245063242 77.3029 0.262954809565 0.276875596565
127.392 6.99313087143 6.80255513804 111.628 0.335137837192 0.344526829683
120.853 6.91710947613 6.63704359374 99.5289 0.12868675564 0.134117000185
52.7355 5.72070256399 5.67403121413 51.0568 0.281597440979 0.283913701181
100.201 6.64675309639 6.60651625615 97.445 0.212013196067 0.21330445772
144.837 7.17828638956 7.07797996972 135.109 0.301806079979 0.306083160092
91.4329 6.51464147381 6.43527020916 86.5385 0.303025039268 0.306762486151
106.764 6.73828145312 6.65224267893 100.583 0.299298547888 0.303169615349
155.737 7.28296793043 7.23729601788 150.884 0.335621566362 0.337739550592
119.678 6.9030141607 6.80453117639 111.781 0.338957841316 0.343863628196
124.753 6.96293069899 6.92279250445 121.33 0.133625720231 0.134400479138
198.934 7.63614605941 7.25002359268 152.221 0.375391992064 0.395384655552
92.0999 6.52512768476 6.52512768476 92.0999 0.34200962048 0.34200962048
94.5367 6.56280260019 6.48297409401 89.4478 0.283210038258 0.286697362743
195.095 7.60803299403 7.29140095948 156.65 0.217775076398 0.227232047136
103.994 6.70035648333 6.60387554996 97.2668 0.347091992994 0.352162918271
176.637 7.4646437645 7.10001048253 137.188 0.323732612299 0.340358458866
212.456 7.73102027736 7.37478737224 165.971 0.223993214483 0.23481301843
90.3065 6.49675792734 6.45614903465 87.8 0.279384892707 0.28114221136
153.93 7.26613062114 7.13279273726 140.341 0.237102053307 0.241534354541
86.477 6.43424456985 6.35292621306 81.7375 0.161730097423 0.163800265614
119.192 6.89714359715 6.89714359715 119.192 0.352427574545 0.352427574545
57.8125 5.8533095554 5.8533095554 57.8125 0.405853994869 0.405853994869
129.377 7.01543735475 6.20130255212 73.5831 0.339320178683 0.383867653085
143.637 7.1662836161 7.07644151651 134.965 0.319355335032 0.323409852228
130.065 7.02308898027 6.84922367748 115.298 0.190476800251 0.195311991524
175.49 7.45524501312 6.95721814917 124.26 0.221114907682 0.236943240456
120.195 6.9092330723 6.65550925698 100.811 0.102501681698 0.106409289178
110.633 6.78963797169 6.76229565715 108.556 0.269630385161 0.270720594636
82.4863 6.36608261954 6.15376683668 71.1981 0.281761627698 0.291482899588
137.026 7.09830585312 6.87252098459 117.175 0.322543391486 0.333140000417
121.811 6.92850060979 6.74086011787 106.955 0.20142172161 0.207028553715
37.9714 5.24684128678 5.0936911553 34.1471 0.260275459552 0.268101065706
88.8675 6.47358399807 6.45557710139 87.7652 0.208352855032 0.208934025123
112.715 6.81653571048 6.81653571048 112.715 0.290658059308 0.290658059308
145.77 7.18755002806 7.0976529308 136.964 0.19625055197 0.198736212389
92.0882 6.52494439895 6.38525672978 83.5899 0.281915971558 0.288083332816
141.208 7.14167801516 7.02109101798 129.885 0.244739847702 0.248943246184
67.9439 6.0862721266 6.01501132007 64.6694 0.174074150964 0.176136435428
105.867 6.72610914402 6.66145033723 101.227 0.179190414037 0.180929710703
87.4863 6.45098520932 6.45098520932 87.4863 0.380127948904 0.380127948904
116.585 6.86523837096 6.86523837096 116.585 0.205321637576 0.205321637576
175.842 7.45813589026 7.3153669693 159.274 0.223324441237 0.227682908779
232.598 7.86169488159 7.06623991192 134.014 0.36735632048 0.408710055197
132.522 7.05008807138 6.95354462352 123.944 0.109264412368 0.110781446294
101.428 6.66431216445 6.50128626871 90.5904 0.299563458563 0.307075295321
61.2755 5.93723844623 5.88488604052 59.0918 0.283136711637 0.285655517931
139.659 7.12576473752 7.12576473752 139.659 0.356734433966 0.356734433966
140.982 7.13936716681 7.06577693162 133.971 0.202375562891 0.204483309203
113.321 6.82427142771 6.61153979547 97.7849 0.388914105616 0.401427731042
143.33 7.16319679743 6.86877317827 116.871 0.273225126766 0.284936669509
115.751 6.85488084709 6.55135451287 93.7895 0.169211659447 0.177051289343
98.1711 6.61722647561 6.5729548307 95.2043 0.332408613699 0.334647527017
147.354 7.20314241347 6.68400516924 102.822 0.293113016739 0.315878690897
115.159 6.84748335599 6.84748335599 115.159 0.370269493726 0.370269493726
138.107 7.10964263471 7.01806661552 129.613 0.218781098625 0.221635888011
116.299 6.86169488159 6.7478573001 107.475 0.257634388896 0.261980727954
112.083 6.80842366617 6.75242748111 107.816 0.188003127319 0.189562190033
107.716 6.75108875169 6.71682631904 105.188 0.300385604849 0.301917867418
109.504 6.77483975983 6.77483975983 109.504 0.340019460739 0.340019460739
109.429 6.7738513101 6.45332661196 87.6284 0.274423361768 0.28805345838
129.205 7.01351809058 6.84102962596 114.645 0.357586346878 0.366602463356
258.769 8.01552098552 6.871400129 117.084 0.321782793326 0.375361161374
125.893 6.97605425722 6.93187212659 122.096 0.318056106204 0.320083321388
196.032 7.61494536694 6.82974810093 113.752 0.30331976189 0.338191596728
115.416 6.85069942693 6.70937335669 104.646 0.329350184745 0.336287608684
318.661 8.31587865241 7.50750924372 181.964 0.336419533468 0.372643432836
90.8144 6.50484917171 6.44492708098 87.1197 0.0808208838507 0.0815723207987
122.19 6.93298240995 6.80898990838 112.127 0.321336101172 0.327187669108
179.637 7.4889407237 7.29945531634 157.527 0.257752727866 0.264443690208
259.122 8.01748769832 7.63857347936 199.269 0.346849754453 0.364055362825
99.1101 6.63096018033 6.56057281756 94.3907 0.284973072857 0.28803050452
98.5573 6.6228908285 6.54988629785 93.6941 0.195106529077 0.197281171495
96.5508 6.59321630799 6.57446940292 95.3043 0.218061385394 0.218683180985
132.791 7.05301356014 6.90490552488 119.835 0.1966419637 0.200859871503
112.344 6.81177926577 6.81177926577 112.344 0.376117589802 0.376117589802
77.9762 6.28496194474 6.24174105206 75.6748 0.0817399234467 0.0823059309803
118.863 6.89315588868 6.8544196135 115.714 0.306538964042 0.308271302932
96.2814 6.58918521466 6.44511254013 87.1309 0.25377605844 0.259448914459
94.1011 6.5561396824 6.38809996878 83.7548 0.162836738042 0.1671201774
103.122 6.68820833921 6.68820833921 103.122 0.294147066431 0.294147066431
106.502 6.73473671284 6.56110614077 94.4256 0.264569334944 0.271570795367
129.942 7.02172400546 7.02172400546 129.942 0.355558816256 0.355558816256
132.303 7.04770196519 6.9717964345 125.522 0.294875570387 0.298086032263
128.649 7.00729643269 6.94441339006 123.162 0.0820632530894 0.0828063521466
69.1362 6.11136940442 6.11136940442 69.1362 0.338997780784 0.338997780784
99.7676 6.64049946447 6.52968666347 92.3914 0.284437618587 0.289264700015
111.219 6.79725946043 6.75032511971 107.659 0.238660033368 0.240319412898
128.672 7.00755433614 7.00755433614 128.672 0.318525197097 0.318525197097
98.1041 6.61624152619 6.5834453707 95.8991 0.283044423954 0.28445444081
124.944 6.96513781246 6.90746755824 120.048 0.226993468256 0.228888630399
185.974 7.53895712996 7.38020129166 166.595 0.355491787412 0.363138787066
114.381 6.83770361355 6.75966186037 108.358 0.311468777395 0.315064751565
120.458 6.91238640051 6.83675732336 114.306 0.174614010437 0.17654561278
135.238 7.07935677563 7.02753007303 130.466 0.0851212361436 0.0857489891301
134.402 7.07041079641 6.94004926239 122.79 0.207096459869 0.210986549288
80.4223 6.3295236913 6.3295236913 80.4223 0.406039134113 0.406039134113
128.284 7.00319743378 6.93402105034 122.278 0.309480505235 0.312567998328
198.251 7.63118433284 7.29052577529 156.555 0.329016822381 0.344390527869
102.916 6.68532348033 6.68532348033 102.916 0.291493955864 0.291493955864
105.037 6.71475380637 6.47579502787 89.0038 0.354871381526 0.367966241924
88.1749 6.46229612937 6.3799553297 83.2833 0.36353169358 0.368223496078
102.281 6.67639436075 6.37164423697 82.8049 0.384224604212 0.402601728128
146.069 7.19050621944 7.0415167914 131.737 0.364108165173 0.371812225091
120.128 6.90842865017 6.90842865017 120.128 0.331615187064 0.331615187064
150.329 7.23197953649 7.09301077929 136.524 0.268090608124 0.273343133432
109.748 6.77805083873 6.57204077458 95.144 0.336695848412 0.347250063717
115.773 6.85515502421 6.82165919946 113.116 0.302960521164 0.304448122966
135.165 7.0785778143 7.05027312928 132.539 0.159903441796 0.160545405089
104.479 6.70706918337 6.70706918337 104.479 0.434754721878 0.434754721878
147.637 7.20591051705 7.14897476616 141.924 0.278484518459 0.280702420423
156.359 7.28871845273 7.22439727545 149.541 0.173241457629 0.174783883119
129.129 7.0126692296 6.90733535802 120.037 0.291888193333 0.29633936182
114.098 6.83412969292 6.77011544895 109.146 0.267612310512 0.270142695683
68.6635 6.10147149288 6.10147149288 68.6635 0.463886287506 0.463886287506
120.376 6.9114039728 6.8903250848 118.63 0.161556100806 0.162050333359
123.68 6.95046841415 6.88440255298 118.144 0.283426367778 0.286146256239
108.731 6.76461951165 6.67272233685 102.021 0.204565428309 0.207382716962
105.939 6.72708998542 6.58929459482 96.2887 0.259856412251 0.265290531991
54.787 5.7757617023 5.6957989916 51.833 0.153436981274 0.155591066586
148.929 7.21848089791 7.16711703023 143.72 0.356136908495 0.3586891996
93.7197 6.55028043098 6.55028043098 93.7197 0.273403422758 0.273403422758
60.2697 5.9133609785 5.87837713037 58.8258 0.169201344611 0.17020830861
149.322 7.22228292693 6.99659211957 127.698 0.301085386215 0.310797572196
161.293 7.3335400177 6.32991291493 80.444 0.448715629473 0.519860868473
125.498 6.97152056261 6.87687297205 117.529 0.202436163363 0.205222327246
132.393 7.04868303449 6.92362461137 121.4 0.260758788457 0.265468761156
100.647 6.65316036005 6.54061783227 93.0941 0.155158317005 0.157828081491
171.666 7.42346051864 7.02783966424 130.494 0.297779123457 0.314542117047
88.9014 6.47413423337 6.47413423337 88.9014 0.284732098021 0.284732098021
132.257 7.04720027202 6.94744407874 123.421 0.202591583446 0.205500533115
120.404 6.91173951114 6.91173951114 120.404 0.301940742474 0.301940742474
151.163 7.23996124568 7.06272616293 133.688 0.314598827599 0.322493505653
195.879 7.61381892572 7.25937607108 153.211 0.214067321677 0.224519271243
185.462 7.53497980774 7.38442114242 167.083 0.29898647266 0.305082414834
127.174 6.99065993976 6.93492924769 122.355 0.265357692988 0.267490168655
158.281 7.306344275 7.07352035458 134.692 0.221372024362 0.228658453184
106.397 6.73331366255 6.73331366255 106.397 0.318831642594 0.318831642594
127.397 6.99318749456 6.94183404967 122.942 0.324017065546 0.326414039083
144.571 7.17563437587 7.10295201485 137.468 0.260057550151 0.262718640456
125.371 6.97005986172 6.71302214332 104.911 0.294953259489 0.306246848462
97.6706 6.60985245424 6.51115173508 91.212 0.500857825776 0.508450188788
157.949 7.30331499296 7.11231438959 138.363 0.333797453609 0.342761556087
126.058 6.97794386842 6.84758357533 115.167 0.330219802842 0.336506334405
74.8467 6.22586680398 6.13758549273 70.404 0.210146924767 0.213169619293
68.3053 6.0939256205 6.0374173664 65.6816 0.31515062121 0.318100328064
108.229 6.7579433114 6.7134621277 104.943 0.313357577077 0.315433780932
133.989 7.06597075541 6.99607233126 127.652 0.0944037022928 0.0953468986624
120.827 6.91679906508 6.91679906508 120.827 0.221514852906 0.221514852906
57.8901 5.85524474358 5.73274676215 53.1776 0.258979100248 0.264512994964
139.814 7.12736501915 7.07128000296 134.483 0.0910851208129 0.0918075516137
110.723 6.7908111277 6.57321999564 95.2218 0.250057073402 0.258334630172
168.295 7.39484850499 6.86173209626 116.302 0.296381685138 0.319408806771
126.101 6.97843590628 6.7201963672 105.434 0.33770257375 0.350679598859
138.481 7.11354423763 7.02494017414 130.232 0.0950010438188 0.0961992716058
112.434 6.81293456176 6.70211726264 104.121 0.241370857384 0.245361844926
37.8088 5.24065015576 5.24065015576 37.8088 0.413021092321 0.413021092321
110.397 6.78655715769 6.75719663693 108.173 0.274719109409 0.275912784323
128.631 7.00709456305 6.93799167045 122.615 0.246065206931 0.248516033968
113.025 6.82049810743 6.76208300357 108.54 0.257989558219 0.260218233441
65.9597 6.04351293197 5.76489546963 54.3759 0.383475142413 0.402008500322
87.3008 6.44792296925 6.36138939169 82.2184 0.236910521077 0.240133199911
96.124 6.58682477935 6.52163341523 91.8771 0.0972944738698 0.0982670460874
121.795 6.92831109787 6.87014274943 116.982 0.271566236733 0.273865542594
184.697 7.52901662285 7.40889863855 169.942 0.343210601884 0.348774960056
108.483 6.76132517035 6.68575797848 102.947 0.195043606138 0.197248127698
87.1494 6.44541882671 6.35962131506 82.1177 0.0915077107828 0.0927422393015
93.2593 6.5431756958 6.44690298142 87.2391 0.0876015532773 0.0889097223847
124.982 6.96557652162 6.82597638024 113.455 0.289225901608 0.295140949435
146.63 7.19603649395 6.97729137342 126.001 0.287007416347 0.296005388271
130.118 7.02367674226 6.97109515673 125.461 0.259078711147 0.261032890383
62.2798 5.96069240636 5.78654670305 55.1981 0.193531072448 0.199355376036
33.598 5.07030345063 5.07030345063 33.598 0.309141857462 0.309141857462
185.108 7.53222343674 6.92776611238 121.749 0.239458627031 0.260351728594
170.91 7.41709300182 6.97334723174 125.657 0.32063484732 0.341038299566
111.676 6.80317536305 6.76485832451 108.749 0.331276537422 0.333152930872
121.798 6.92834663325 6.92834663325 121.798 0.276031937048 0.276031937048
224.65 7.81153525164 6.9930176185 127.382 0.324642692887 0.362641420059
253.45 7.9855573537 7.71555708679 210.191 0.292457436631 0.302691770336
184.392 7.52663225438 7.34166558707 162.204 0.333024713898 0.341414972311
101.744 6.66879990883 6.66879990883 101.744 0.383746312725 0.383746312725
77.3602 6.27351961952 6.24560594476 75.8778 0.232921798338 0.233962802746
105.192 6.71688117958 6.47757533811 89.1137 0.319515228385 0.331319315038
70.9087 6.14789074177 6.01610403608 64.7184 0.0915321080239 0.0935371788985
105.65 6.72314895705 6.57679873881 95.4583 0.191295966797 0.195552780423
141.081 7.14037989669 7.06834836066 134.21 0.105709887456 0.106787146976
101.275 6.6621342748 6.45401134285 87.67 0.223484135386 0.230690843127
97.9196 6.61352575954 6.51863270014 91.6862 0.333522263436 0.338377414725
163.829 7.35604694634 7.19567240439 146.593 0.266323784172 0.272259512273
143.99 7.16982481081 6.97390970161 125.706 0.198365930787 0.203938541367
127.141 6.99028553057 6.94697643421 123.381 0.226826821163 0.228240913286
156.617 7.29109700831 7.2274234108 149.855 0.257793655672 0.26006481768
116.318 6.86193055831 6.67246777355 102.003 0.305832058974 0.314516071476
91.315 6.5127799611 6.21432494986 74.2503 0.355249312172 0.372310849558
80.0113 6.32213186117 6.26938292767 77.1387 0.221241719051 0.223103188491
92.8054 6.53613684772 6.43675484316 86.6276 0.336915146876 0.342117038742
91.6697 6.51837304699 6.36496281757 82.4223 0.245351286107 0.251264815875
129.262 7.0141544087 6.91320058955 120.526 0.188995342417 0.191755250997
121.555 6.92546542766 6.87969351508 117.759 0.367735086564 0.370181698204
216.068 7.75534161246 7.32551234274 160.398 0.266956510188 0.282620359547
126.589 6.98400823645 6.88089363835 117.857 0.347981748582 0.353196477952
193.487 7.59609282764 6.76605179622 108.839 0.382439858953 0.429356551958
116.555 6.86486708459 6.64415912393 100.021 0.304215148076 0.314320671391
159.986 7.32180185355 7.05700613103 133.159 0.396987610739 0.41188353392
229.231 7.84065834959 7.49381542941 180.245 0.427694637064 0.447490008095
82.0701 6.35878480607 6.16966248721 71.9869 0.359822023306 0.370851860929
152.255 7.25034579628 7.09503828253 136.716 0.2592470566 0.264921869646
101.238 6.66160710156 6.54665527671 93.4845 0.31681485411 0.322377762814
89.8103 6.48880900652 6.41592425873 85.3858 0.0903024545573 0.0913282883047
121.344 6.92295896424 6.77381175802 109.426 0.406998903364 0.415960290474
95.1552 6.57221059331 6.43235314762 86.3637 0.302552441939 0.309130782827
115.65 6.85362145575 6.85362145575 115.65 0.363752458232 0.363752458232
67.1074 6.06839995751 5.9460477105 61.6508 0.202405817978 0.206570736903
94.9656 6.56933310626 6.45127046721 87.5036 0.0925014342895 0.0941942734758
127.325 6.99237190701 6.93489387408 122.352 0.0982118026096 0.0990258051491
116.205 6.86052833528 6.83042013333 113.805 0.297820470578 0.299133250568
136.416 7.0918690553 7.04292882143 131.866 0.100023037265 0.100718082035
234.151 7.87129538921 7.66254020938 202.607 0.273836846906 0.281297148406
102.298 6.6766341294 6.34837938702 81.4803 0.285916627948 0.300700478018
128.191 7.00215116693 6.92942412409 121.889 0.247164373126 0.249758460836
73.9225 6.20794164326 6.0997917292 68.5836 0.0802257012728 0.0816481109359
155.009 7.27620817223 7.18214601963 145.225 0.354269137135 0.358908880959
188.421 7.55781595572 7.12009269318 139.111 0.268922189531 0.285454768985
130.816 7.03139519628 6.9731635206 125.641 0.0833750274886 0.0840712778412
98.8887 6.6277337687 6.57144018373 95.1044 0.258349971974 0.260563101165
110.398 6.78657022587 6.69603555715 103.683 0.259856575892 0.263370002428
75.2795 6.23418514073 6.23418514073 75.2795 0.321931936363 0.321931936363
58.8772 5.87963715823 5.82903515086 56.8479 0.206087514147 0.207876565275
71.2911 6.15565007636 6.15565007636 71.2911 0.258058275535 0.258058275535
123.761 6.95141294883 6.95141294883 123.761 0.333294740243 0.333294740243
136.544 7.09322211054 6.99859042975 127.875 0.0885117839219 0.0897085990473
140.83 7.13781088342 7.07519031416 134.848 0.0925830966827 0.0934025242826
115.666 6.85382103659 6.65631044426 100.867 0.324024122655 0.333638787856
113.707 6.82917726155 6.77739341272 109.698 0.349517378007 0.352187926101
104.708 6.71022786241 6.5729881684 95.2065 0.0766845424464 0.0782856655385
82.2843 6.36254528285 6.27608531236 77.4979 0.0868833986519 0.088080312924
103.349 6.69138061916 6.65709689178 100.922 0.263350682933 0.264706926227
145.148 7.18138088292 7.00954872697 128.85 0.273468541444 0.28017235233
144.826 7.17817681639 7.13995034053 141.039 0.162650099717 0.16352090971
188.789 7.5606308967 6.85666206764 115.894 0.315938311018 0.348375482439
115.866 6.85631347029 6.80289112635 111.654 0.245159178815 0.247084386455
77.0113 6.26699824534 6.15321962891 71.1711 0.216202099673 0.220199872751
84.9376 6.4083314393 6.4083314393 84.9376 0.320016800665 0.320016800665
125.553 6.97215269097 6.95078332776 123.707 0.168087607465 0.168604372981
143.093 7.16080928803 6.44328340119 87.0205 0.270831402147 0.300991264737
113.197 6.82269191347 6.68703268545 103.038 0.250431342155 0.255511820171
117.807 6.8802814553 6.81307570117 112.445 0.19783397171 0.199785451753
74.6487 6.22204523107 6.18305173484 72.6581 0.155453190819 0.15643355839
92.5704 6.53247905079 6.43644837722 86.6092 0.194154492561 0.197051243316
155.057 7.27665484721 7.13830252272 140.878 0.338387992542 0.344946521716
76.1172 6.25015058739 6.18388544348 72.7001 0.151869013735 0.15349640838
108.786 6.76534909351 6.76534909351 108.786 0.280432742294 0.280432742294
68.0369 6.08824550314 6.02799885671 65.2542 0.226866729722 0.229134142171
102.556 6.68026808839 6.48505322383 89.5768 0.180349225796 0.185778148038
157.479 7.29901564622 6.99924464161 127.933 0.308124564415 0.32132124705
98.841 6.62703770175 6.41928268927 85.5848 0.276754928444 0.285711883043
127.252 6.99154452087 6.89167435798 118.741 0.292535284563 0.296774536884
214.574 7.74533146464 7.57221514175 190.311 0.16445800369 0.168217849962
191.57 7.58172784145 7.27298429218 154.663 0.298665668107 0.311344246076
121.352 6.92305407549 6.8270568365 113.54 0.174537119016 0.176991336393
84.874 6.40725076626 6.40725076626 84.874 0.288861172882 0.288861172882
117.85 6.88080794836 6.81592120388 112.667 0.115974736504 0.117078801951
186.175 7.54051554732 7.28922583814 156.414 0.13920270696 0.144001598985
75.3073 6.23471781587 6.14851318931 70.9393 0.122022174069 0.123732974002
146.191 7.19171068674 7.10504944346 137.668 0.153374177122 0.15524490258
98.4981 6.62202399055 6.50217622814 90.6463 0.259879228838 0.264669308802
78.9802 6.303419116 5.90641923824 59.9804 0.200246366127 0.213705922529
250.89 7.97091115858 7.43395258796 172.919 0.369852964764 0.396567652132
120.373 6.91136801763 6.91136801763 120.373 0.397047718388 0.397047718388
83.272 6.37975956945 6.30971098587 79.3254 0.259546828566 0.262428242272
96.1434 6.5871159185 6.54695309229 93.5038 0.289337182979 0.291112145902
115.657 6.85370877576 6.76384973451 108.673 0.3407578268 0.345284859898
83.7361 6.38777782116 6.38777782116 83.7361 0.411472941148 0.411472941148
104.762 6.71097169717 6.55909559891 94.2941 0.298140709041 0.305044168053
100.242 6.64734329408 6.55748055049 94.1886 0.30344401136 0.307602363211
147.166 7.20130059149 7.07065766139 134.425 0.289140693683 0.29448308038
197.384 7.62486123906 7.20728769841 147.778 0.329999034265 0.349118413276
92.9221 6.5379498537 6.44816422233 87.3154 0.112316222382 0.113880137721
129.343 7.01505816774 6.76866073254 109.036 0.204828991731 0.212285317319
88.36 6.46532151358 6.34966073653 81.5527 0.349008918199 0.355366209454
136.837 7.09631456985 7.00321992581 128.286 0.27990496256 0.283625772863
129.687 7.01889005891 6.96837880137 125.225 0.11656132533 0.117406236219
265.109 8.05044183786 7.75572882891 216.126 0.316890489101 0.3289321362
99.7448 6.6401697261 6.58069272416 95.7163 0.338922918436 0.341986139882
135.699 7.08426627899 7.0451917529 132.073 0.2147764612 0.215967669151
112.833 6.81804526082 6.65480785294 100.762 0.162312386657 0.166293786849
260.501 8.02514510044 7.768263737 218.012 0.271279536972 0.280250223305
124.624 6.96143811806 6.79981261692 111.416 0.167045850017 0.171016381375
209.849 7.7132077781 7.42753913149 172.152 0.221348076976 0.229861287672
134.358 7.06993841523 6.90872886014 120.153 0.279497252834 0.286019093348
87.4267 6.45000203909 6.36484028648 82.4153 0.189342579143 0.191875988491
85.6019 6.4195709136 6.34183812665 81.1117 0.400293273089 0.405199723095
59.2604 5.88899645922 5.88899645922 59.2604 0.289778571625 0.289778571625
96.3453 6.59014238432 6.44352543129 87.0351 0.198004730878 0.202510160497
127.164 6.99054649269 6.89440550583 118.966 0.155808260809 0.157980973154
94.7332 6.5657982131 6.53282810902 92.5928 0.272201171209 0.273574925546
155.466 7.28045529106 7.2197203184 149.057 0.155595975247 0.156904906465
145.47 7.18457784934 7.09814791514 137.011 0.228497466172 0.231279744197
67.1589 6.06950669536 5.9759144422 62.9404 0.142404821259 0.144635105546
121.174 6.92093636635 6.85917445587 116.096 0.2027957441 0.204621773264
69.8613 6.12642158397 6.02302686313 65.0297 0.300775608334 0.305938894297
244.454 7.93341920213 7.44547014404 174.305 0.124576579238 0.132740875558
130.309 7.02579291917 6.86729109679 116.751 0.354153497074 0.362327604432
126.724 6.9855459692 6.96946135246 125.319 0.205161709782 0.205635196513
118.929 6.89395673879 6.84018625012 114.578 0.184533220356 0.185983830189
78.5251 6.29508197001 6.17063014666 72.0352 0.16199283664 0.165259975232
80.1466 6.32456941418 6.25655781859 76.456 0.28586942337 0.28897695249
112.76 6.8171115728 6.8171115728 112.76 0.2828214443 0.2828214443
133.046 7.05578132646 6.98862788664 126.995 0.124243500643 0.125437351364
108.639 6.76339829482 6.70974554236 104.673 0.168535509075 0.169883159875
134.034 7.06645520098 7.00848464797 128.755 0.275107086758 0.277382630011
117.589 6.87760929767 6.77995568173 109.893 0.148021265583 0.150153257664
105.491 6.72097610995 6.53435269008 92.6907 0.14831661463 0.152552589509
145.529 7.18516286172 6.96554189153 124.979 0.366607467975 0.378166466406
108.979 6.76790634758 6.76790634758 108.979 0.325621045969 0.325621045969
156.879 7.29350843422 7.09138249094 136.37 0.333920159984 0.34343789893
125.006 6.96585353236 6.87300108483 117.214 0.332607834681 0.337101279558
109.052 6.76887241884 6.76887241884 109.052 0.300320150113 0.300320150113
177.956 7.47537676564 7.19968215905 147.001 0.354273198609 0.367839243326
156.741 7.29223879626 6.80137856236 111.537 0.2554311335 0.273865776534
82.3382 6.36349000505 6.142250043 70.632 0.2235393667 0.231591113317
261.514 8.03074437215 7.5100282948 182.282 0.217067346861 0.23211795026
42.2771 5.40180451326 5.13721249625 35.1929 0.144153658808 0.151578289845
119.302 6.89847441861 6.84640555812 115.073 0.256579896077 0.258531259124
141.534 7.14500485583 7.05355667808 132.841 0.214137777714 0.216914038039
111.483 6.80067992068 6.7227392363 105.62 0.178214819876 0.180280969482
127.569 6.99513397828 6.99513397828 127.569 0.20565030479 0.20565030479
94.5345 6.56276902629 6.38298362888 83.4583 0.351905278801 0.361817168613
101.866 6.67052879067 6.56728532292 94.8309 0.325528247746 0.330645836444
231.965 7.85776333075 7.5284384823 184.623 0.401838318402 0.419416378397
76.8025 6.2630813678 6.15222196073 71.1219 0.203832207134 0.207505143151
134.315 7.06947662051 6.96356660146 124.808 0.388064394881 0.393966529492
71.0471 6.15070385764 6.15070385764 71.0471 0.346004124621 0.346004124621
122.206 6.93317130928 6.89807530106 119.269 0.169973466373 0.1708382569
123.808 6.95196072878 6.95196072878 123.808 0.429493568163 0.429493568163
153.787 7.26478974361 6.54948281572 93.6679 0.319202261113 0.354064187649
96.1914 6.58783601038 6.58783601038 96.1914 0.29315485483 0.29315485483
116.143 6.85975839455 6.83540620736 114.199 0.175151708034 0.175775712965
70.8344 6.14637825543 6.10735519101 68.9441 0.152161719789 0.153133960048
142.755 7.1573974667 7.0609336596 133.522 0.297582873945 0.301648338703
132.21 7.04668749222 6.948624207 123.522 0.25509201968 0.258692036134
180.411 7.4951434949 7.08310697089 135.59 0.284006714859 0.300527874298
121.977 6.93046532843 6.85422011546 115.698 0.135257245087 0.136761824351
107.008 6.74157484742 6.74157484742 107.008 0.362429309126 0.362429309126
32.7251 5.03232569559 4.83686838689 28.5787 0.193012061074 0.200811656801
109.742 6.77797196342 6.75163778101 107.757 0.186969315923 0.187698573657
145.609 7.18595572013 7.02610288334 130.337 0.21797502247 0.222934233326
143.308 7.16297533837 7.10614937402 137.773 0.22382266694 0.225612516579
25.6128 4.67879307236 4.56000565885 23.5884 0.0893260594661 0.0916529889387
100.554 6.65182666242 6.06056192233 66.7438 0.296786994221 0.325741353115
140.911 7.13864042758 6.86417376095 116.499 0.196924671568 0.204798781412
123.885 6.95285770626 6.90327934206 119.7 0.104799840689 0.105552498146
165.333 7.369230901 6.98301638392 126.502 0.208564435689 0.220099653191
150.411 7.23276626919 6.8560644206 115.846 0.197917531941 0.208791977625
116.698 6.86663602576 6.66261853448 101.309 0.111964922867 0.115393425122
101.219 6.6613363161 6.6613363161 101.219 0.438283751988 0.438283751988
152.673 7.25430113593 7.04337731689 131.907 0.31949408319 0.329061781917
134.251 7.06878902428 6.82569660087 113.433 0.343438067997 0.355669375235
94.3817 6.56043525237 6.37511764763 83.0045 0.363847182284 0.374423816636
61.3483 5.93895146134 5.91963326397 60.5323 0.107152556542 0.107502239393
136.778 7.09569238898 7.01641831741 129.465 0.115772392816 0.117080431838
138.717 7.11600079296 6.99537145057 127.59 0.244288967562 0.248501526926
131.218 7.03582182688 6.95815827654 124.341 0.114826722019 0.116108361578
136.679 7.09464778734 7.00871993302 128.776 0.289774905567 0.293327585102
189.067 7.56275376517 7.25941373616 153.215 0.281932267768 0.293713018307
93.8655 6.55252309169 6.51010585611 91.1459 0.107462024542 0.108162203942
118.713 6.89133411977 6.86118618482 116.258 0.275108502017 0.276317324078
51.306 5.68105564711 5.59260952133 48.2551 0.382302916412 0.388348969101
58.4296 5.86862750774 5.86862750774 58.4296 0.4654124351 0.4654124351
112.489 6.81364012081 6.73149553821 106.263 0.214374490297 0.216990506742
127.337 6.99250787029 6.96867831167 125.251 0.263957513134 0.264860122029
90.6371 6.50202979671 6.41162284021 85.1316 0.305662125725 0.309972108266
108.646 6.76349124983 6.66106547981 101.2 0.285590826332 0.289982294992
70.3477 6.13643135058 6.13643135058 70.3477 0.400296643835 0.400296643835
47.135 5.55872682298 5.45972668517 44.009 0.260875831994 0.265606241556
65.3491 6.03009546198 5.99059867945 63.5843 0.0886353938476 0.0892197783244
123.921 6.95327688112 6.88355972526 118.075 0.110694488775 0.111815610002
89.652 6.48626386268 6.48626386268 89.652 0.324719346321 0.324719346321
142.162 7.15139207289 6.94224470787 122.977 0.316868668852 0.326414896324
149.356 7.22261138522 7.03081057107 130.763 0.28920890197 0.297098533228
72.4991 6.17989118059 6.08060863476 67.6777 0.208074143945 0.211471522723
107.549 6.74885030029 6.61764818115 98.1998 0.232233923838 0.236838215591
115.985 6.85779442767 6.68570192156 102.943 0.28404825626 0.291359766233
130.095 7.02342170514 6.9971456012 127.747 0.283074211307 0.284137228689
104.244 6.70382053825 6.65500828889 100.776 0.23226139073 0.233964949979
110.653 6.78989875548 6.51430692594 91.4117 0.275525825877 0.287182118296
236.829 7.88770194133 7.33438056151 161.387 0.295510614168 0.317804567885
120.884 6.91747949434 6.73503469797 106.524 0.292827595564 0.300759978015
117.461 6.87603801511 6.76687339166 108.901 0.358140918304 0.363918522852
89.7945 6.48855517609 6.44600307426 87.1847 0.292697921877 0.294630113288
76.5017 6.25741990223 6.17388097284 72.1977 0.219656827476 0.222629009201
144.608 7.17600355701 7.06025278875 133.459 0.281287204075 0.285898825067
83.8918 6.39045789629 6.31878500849 79.8259 0.227418048735 0.229997612412
130.676 7.02985038936 6.97242844203 125.577 0.275394365872 0.27766239643
100.308 6.64829286153 6.64829286153 100.308 0.278710935452 0.278710935452
106.311 6.73214707003 6.61539716871 98.0467 0.352102063573 0.35831603382
120.807 6.91656024189 6.81027599656 112.227 0.218439704437 0.221848773196
45.8481 5.51879004294 5.41526853741 42.6735 0.276707296182 0.281996998012
108.408 6.7603274145 6.55030813941 93.7215 0.244285272717 0.252117670033
123.492 6.94827377463 6.90788811474 120.083 0.299494932633 0.301245873048
121.236 6.92167434824 6.87906856595 117.708 0.216562898334 0.21790418918
131.308 7.03681100554 6.976501116 125.932 0.408969738256 0.412505166593
138.188 7.11048852987 6.84080309581 114.627 0.298841870781 0.310623133669
83.7505 6.38802589842 6.35238601139 81.7069 0.242006633183 0.243364404744
119.984 6.90669822344 6.2015025229 73.5933 0.305155989728 0.339856401629
75.532 6.23901608317 6.19016444151 73.0172 0.0618059193696 0.0622936803417
137.772 7.10613890245 7.04510436251 132.065 0.0647075519169 0.0652681391642
135.438 7.08148876414 6.84436054322 114.91 0.268251639334 0.277545427058
66.2888 6.05069323145 6.05069323145 66.2888 0.27032503752 0.27032503752
117.421 6.87554663814 6.87554663814 117.421 0.229952678658 0.229952678658
139.141 7.12040378421 6.89490262523 119.007 0.255017185686 0.263357647337
65.4163 6.03157825659 5.96652506262 62.5321 0.33147361459 0.335087680922
110.956 6.79384387386 6.58980991849 96.3231 0.298306678624 0.307542861808
62.6359 5.96891787515 5.96891787515 62.6359 0.31635201468 0.31635201468
98.4613 6.62148488271 6.52581832203 92.144 0.272382394058 0.276375439151
89.1504 6.47816936584 6.47816936584 89.1504 0.420802319528 0.420802319528
117.818 6.88041615786 6.78172689826 110.028 0.270620364577 0.274558494764
122.18 6.93286433531 6.86999475034 116.97 0.29400863369 0.296699203545
59.4382 5.89331852149 5.7815511858 55.0073 0.296197839972 0.301923854038
115.569 6.85261065384 6.81936162932 112.936 0.26604863608 0.267345804071
133.581 7.0615710093 7.0615710093 133.581 0.384668284086 0.384668284086
93.7803 6.55121298909 6.55121298909 93.7803 0.394336682219 0.394336682219
107.437 6.74734711535 6.70815964021 104.558 0.253363692849 0.254843783357
141.086 7.14043102581 7.08275580391 135.557 0.39167729094 0.394866737999
98.6999 6.62497671787 6.50926987369 91.0931 0.317242402238 0.322881608772
150.744 7.23595677006 7.1835361385 145.365 0.191306058772 0.192702082155
147.423 7.20381781188 6.77664358146 109.641 0.287652500033 0.305785036273
235.198 7.87773198208 7.03882024633 131.491 0.335562588865 0.375556136651
64.2767 6.00622395707 5.98318972227 63.2586 0.140751715865 0.141293585373
104.881 6.71260953605 6.61385427842 97.9419 0.461931619985 0.468828986365
102.986 6.68630441938 6.64577369932 100.133 0.207074650163 0.208337540695
136.328 7.09093809317 7.0470039098 132.239 0.252647330595 0.25422244738
113.94 6.8321305011 6.71288462068 104.901 0.355283529537 0.361594690784
244.616 7.93437496145 7.5599276762 188.697 0.487991233141 0.512161701471
128.544 7.00611846138 6.9098330952 120.245 0.154354287953 0.156505144411
170.674 7.41509948875 7.29494233296 157.035 0.238442649399 0.2423701089
94.6933 6.56519044668 6.56519044668 94.6933 0.443634458113 0.443634458113
136.808 7.09600878566 6.87189292004 117.124 0.245424747144 0.253428885202
144.812 7.1780373476 7.11446073045 138.569 0.303914700279 0.306630558765
155.152 7.27753848394 7.21857776599 148.939 0.298706873323 0.301146685192
67.6234 6.07945064942 5.9923401804 63.6611 0.283745531316 0.287870331573
101.958 6.67183116873 6.67183116873 101.958 0.296306424712 0.296306424712
106.463 6.73420831514 6.63784350905 99.5841 0.32274299567 0.327428412878
105.238 6.71751192589 6.56684711209 94.8021 0.250176950421 0.255916822693
78.5892 6.29625916084 6.18183603911 72.5969 0.329961997356 0.336069451768
94.4992 6.56223021088 6.52430036419 92.0471 0.29324549388 0.294950313708
92.8831 6.53734421825 6.38689197511 83.6847 0.156010045538 0.159685082066
143.395 7.16385090976 7.10490272267 137.654 0.187752888489 0.189310642737
238.115 7.89551469549 7.66662878844 203.182 0.394851471184 0.406639695138
116.417 6.86315793552 6.76379663129 108.669 0.370653772175 0.376098738105
106.043 6.7285055801 6.64065996772 99.7787 0.319869335297 0.324100709555
97.163 6.60233513013 6.57306393303 95.2115 0.246509156769 0.247606912426
85.5912 6.41939056945 6.06325700742 66.8686 0.259483445511 0.274724554972
179.547 7.4882177374 6.9026524712 119.648 0.310879832181 0.337252365413
141.559 7.14525966521 7.05105664085 132.611 0.18878483277 0.191307022438
84.5604 6.40191029607 6.3103892034 79.3627 0.302560004112 0.306948104637
125.215 6.96826358854 6.96826358854 125.215 0.252931944268 0.252931944268
143.369 7.16358930042 7.12686963778 139.766 0.323281371776 0.324947009498
93.1587 6.54161860223 6.34070290002 81.0479 0.305775846105 0.31546486163
255.625 7.99788512783 7.59519779535 193.367 0.321530361534 0.338577475656
131.604 7.04005952909 6.88808566841 118.446 0.26975825401 0.275710009735
308.992 8.27142567609 7.8316999328 227.812 0.190002515143 0.200670569067
108.696 6.76415504011 6.67698665799 102.323 0.299503784221 0.303413820536
71.7672 6.16525272989 6.16525272989 71.7672 0.288398358491 0.288398358491
116.372 6.86260016623 6.81894001094 112.903 0.339254945435 0.341427119347
108.739 6.76472565558 6.72500489977 105.786 0.29896293378 0.30072873676
128.581 7.00653366579 6.91650052992 120.802 0.216776662478 0.219598477155
89.7717 6.48818881041 6.48818881041 89.7717 0.262055477855 0.262055477855
143.445 7.16435387136 7.1370013621 140.751 0.269368757832 0.270401111768
249.6 7.96347412397 7.38628501172 167.299 0.318149817903 0.343011112947
89.6941 6.48694118393 6.37315400539 82.8916 0.1596785298 0.162529452493
45.1811 5.49764749057 5.46217995631 44.0839 0.213262297973 0.214647072535
140.456 7.13397444461 7.13397444461 140.456 0.379703146971 0.379703146971
105.663 6.72332646658 6.63332076614 99.2724 0.212763862775 0.215650796963
120.611 6.91421768011 6.67612633685 102.262 0.265772393077 0.275250659796
127.854 6.99835348676 6.91070868074 120.318 0.158209806945 0.160216296942
156.402 7.28911515109 7.20132019772 147.168 0.353073771267 0.357378273002
40.185 5.32858517679 5.32858517679 40.185 0.267434023909 0.267434023909
130.45 7.02735313393 6.98849155719 126.983 0.223925713346 0.225170918584
120.1 6.90809234082 6.81977035375 112.968 0.335173427161 0.33951421601
154.697 7.27330140901 7.24244054613 151.423 0.22224023128 0.223187222182
99.9108 6.64256873151 6.43830283329 86.7206 0.265060732961 0.273470226907
148.91 7.21829683064 7.01572725405 129.403 0.304456630315 0.313247401172
106.464 6.73422186622 6.67122259489 101.915 0.269668190301 0.27221478491
163.019 7.34889631134 6.95488259074 124.059 0.304406941316 0.321652453366
100.979 6.65791148527 6.56681058851 94.7997 0.13604310303 0.137930419334
64.6964 6.01561353127 6.01561353127 64.6964 0.332664188418 0.332664188418
148.205 7.21145031052 7.15598191972 142.615 0.19214584785 0.193635234086
129.39 7.01558231168 6.9134639053 120.548 0.155486384504 0.157783065592
132.295 7.04761472674 6.95713687482 124.253 0.159230985701 0.161301791235
131.743 7.04158249787 6.96587661419 125.008 0.256765618582 0.259556174478
111.766 6.80433756676 6.69248299431 103.428 0.248210455111 0.252358911574
160.048 7.32236083849 7.2814849825 155.577 0.244350636848 0.245722340761
108.947 6.76748266026 6.47426567447 88.9095 0.313679196876 0.327885606257
98.8355 6.62695742086 6.54048610031 93.0856 0.212425113209 0.215233571139
108.692 6.76410194812 6.70595026358 104.398 0.219190841354 0.221091588624
74.3783 6.21680986879 6.19907355122 73.4695 0.18376197854 0.184287744331
103.332 6.69114328901 6.37722615046 83.1259 0.284629532664 0.298640340237
149.163 7.2207459081 7.2207459081 149.163 0.381628279572 0.381628279572
87.9772 6.45905778104 6.40739694235 84.8826 0.164617238964 0.165944496305
109.044 6.76876657958 6.69156208057 103.362 0.21128907652 0.213726843233
131.194 7.03555793131 6.9871389257 126.864 0.119112418317 0.119937835546
163.338 7.35171665755 7.20374930761 147.416 0.310575685892 0.316955011328
91.6334 6.51780164552 6.46814829255 88.5333 0.137964110165 0.139023204723
108.608 6.76298656488 6.71727885612 105.221 0.301008463072 0.303056674477
75.9583 6.24713571221 6.20348113104 73.6943 0.155427398398 0.156521158149
152.642 7.25400816934 7.00982861737 128.875 0.30137607154 0.311874170444
159.174 7.31446089039 7.21722102066 148.799 0.201178113766 0.203888649237
103.61 6.69501944236 6.63551788829 99.4237 0.242133486657 0.244304729202
44.049 5.46103736236 5.25014300593 38.0584 0.199580490603 0.207597491106
192.528 7.58892446687 7.26652420866 153.972 0.242893116423 0.253669768534
104.135 6.70231123286 6.70231123286 104.135 0.268522429461 0.268522429461
103.235 6.68978836369 6.63992960601 99.7282 0.350442081223 0.353073525808
71.9028 6.1679760473 6.1679760473 71.9028 0.45347861787 0.45347861787
90.4164 6.49851257165 6.40060623739 84.484 0.210678520523 0.213901146769
165.969 7.37476998723 6.90455635127 119.806 0.21039137251 0.224719431723
76.6778 6.26073703942 6.23080247434 75.1032 0.176871595289 0.177721337245
112.394 6.81242121109 6.66115101255 101.206 0.104348322791 0.106718002066
134.048 7.0666058842 6.95624255474 124.176 0.308633355601 0.313529936541
236.923 7.88827444903 7.49539137171 180.442 0.314776849979 0.331276388342
83.3116 6.38044548 6.32278804546 80.0477 0.323079376822 0.326025534101
108.358 6.75966186037 6.55347877736 93.9277 0.157606600177 0.16256515972
178.025 7.47593604245 7.22419466397 149.52 0.286008605607 0.295975142222
65.2578 6.02807844636 5.95269931962 61.9357 0.254055016021 0.257272118754
135.589 7.08309633072 6.92533486649 121.544 0.379506012934 0.388151287919
62.8453 5.973732949 5.90716227759 60.0113 0.333892553042 0.337655349862
51.6465 5.69059867817 5.69059867817 51.6465 0.256552001559 0.256552001559
131.259 7.03627253682 6.97968241372 126.21 0.190741579001 0.192288080518
127.773 6.99743919913 6.78502736224 110.28 0.188110464191 0.193999444014
92.3401 6.52888538965 6.42913721798 86.1714 0.099763512045 0.101311344606
142.376 7.15356216474 7.08190413506 135.477 0.302248303146 0.305306593326
51.4085 5.68393501256 5.6168693254 49.0734 0.309198480036 0.312890324608
127.568 6.9951226691 6.94189272229 122.947 0.105180192762 0.105986707108
99.7453 6.64017695801 6.56197676068 94.4826 0.229434137034 0.232168342815
118.512 6.8888893372 6.67520903626 102.197 0.287255260332 0.296450596409
143.08 7.16067821322 7.12860272892 139.934 0.298322739427 0.299665056668
136.515 7.09291567013 7.01390884549 129.24 0.441834726753 0.446811688893
139.618 7.12534114018 7.04032260259 131.628 0.212855020886 0.21542544608
115.734 6.85466894727 6.85466894727 115.734 0.281014029306 0.281014029306
374.51 8.54886043118 7.73654399511 213.271 0.366747358127 0.405254850242
94.4055 6.56079900735 6.56079900735 94.4055 0.344352642999 0.344352642999
98.5908 6.62338112269 6.57037640316 95.0343 0.325681466904 0.328308813308
158.736 7.31048554625 7.21612500205 148.686 0.343236063923 0.347724337307
83.6408 6.38613495584 6.27360913223 77.365 0.271231775025 0.276096690615
144.486 7.17478589905 6.87397310624 117.293 0.295535186909 0.308468139013
139.504 7.12416267884 6.77522177891 109.533 0.30030642554 0.315772959006
139.777 7.1269831777 6.83161127043 113.899 0.262948840399 0.27431771041
128.313 7.0035235339 6.95844831563 124.366 0.33401620784 0.336179887556
74.1578 6.21252653982 6.03253949333 65.4599 0.195310677466 0.201137973255
55.3818 5.79134003933 5.79134003933 55.3818 0.213908025049 0.213908025049
147.945 7.20891712931 7.09071584294 136.307 0.309464210302 0.314622937369
127.388 6.99308557133 6.9032913946 119.701 0.222802771711 0.225700866303
73.1601 6.19298514195 6.19298514195 73.1601 0.275857483364 0.275857483364
58.1282 5.8611663296 5.77844777896 54.8891 0.154823055648 0.157039349583
102.694 6.68220808299 6.65373361447 100.687 0.253855771188 0.254942139922
101.53 6.66576226651 6.61372022818 97.9328 0.358679339246 0.361501715046
96.1205 6.58677224799 6.47575450389 89.0013 0.333076871161 0.338787007767
95.5084 6.57755571919 6.54712434698 93.5149 0.270228741566 0.271484778717
55.1927 5.78640555808 5.68520291894 51.4537 0.29516102887 0.3004152081
137.71 7.10548951633 7.07027124534 134.389 0.227600084419 0.228733800676
137.414 7.10238518594 6.97489636376 125.792 0.216908958799 0.220873672572
74.4957 6.21908524841 6.00464295817 64.2063 0.347257468383 0.359658986233
109.617 6.77632774641 6.72377696962 105.696 0.237129330377 0.238982653378
65.8785 6.04173580133 5.97580899896 62.9358 0.0874175876053 0.0883820029711
131.686 7.04095816556 6.8655971903 116.614 0.20709970165 0.212389438966
84.5854 6.40233676101 6.33507408842 80.7323 0.26036994116 0.263134419974
148.035 7.20979450317 7.11578237063 138.696 0.293699770061 0.297580066039
58.0684 5.85968137787 5.82680776777 56.7602 0.246008016776 0.247395941683
106.002 6.72794767497 6.48366908238 89.4909 0.115412365826 0.119760639918
138.526 7.11401297147 6.82499691497 113.378 0.22587443053 0.235439465942
117.094 6.87152334254 6.77949612226 109.858 0.207936526225 0.210759128401
106.13 6.72968871345 6.72968871345 106.13 0.270927066145 0.270927066145
112.867 6.81847992305 6.65831146805 101.007 0.100275320252 0.102687484837
132.532 7.05019693185 7.00933597395 128.831 0.0907704466712 0.0912995934282
120.467 6.91249418721 6.81437097262 112.546 0.243993620536 0.247506995209
65.1836 6.02643712721 5.98737999156 63.4426 0.148209739688 0.14917654786
111.715 6.80367909961 6.6098155262 97.6681 0.10213768318 0.10513334564
93.4445 6.54603784654 6.21397127764 74.2321 0.157835028287 0.166269527572
80.1091 6.3238942299 6.17293348832 72.1503 0.289391585543 0.296468734267
100.05 6.64457735702 6.51398966504 91.3916 0.234443618055 0.239143571932
86.7931 6.43950844872 6.36381937309 82.357 0.174893573623 0.176973697546
131.354 7.03731632395 6.99661471482 127.7 0.11384513245 0.114507407032
122.926 6.94164628127 6.7878372776 110.495 0.245094598737 0.250648319973
133.927 7.06530303049 7.01142854766 129.018 0.0960469664064 0.0967849730204
72.0301 6.17052800208 6.05398451103 66.4402 0.33685270899 0.343337362296
157.973 7.30353419062 7.00242124393 128.215 0.326845033595 0.340899782338
110.507 6.78799394894 6.76346469187 108.644 0.187010226049 0.187688461557
144.201 7.17193735914 7.09705240268 136.907 0.0987417479719 0.0997836272027
137.259 7.10075693886 6.99588018818 127.635 0.211511362139 0.214682174645
120.041 6.90738343223 6.86437188742 116.515 0.32467364929 0.326708025551
248.187 7.95528373906 6.94893952338 123.549 0.569279307131 0.651722237582
133.124 7.05662687793 6.74613806289 107.347 0.205755281972 0.215225102051
145.327 7.18315895295 6.99960545913 127.965 0.217362281039 0.223062260322
71.1554 6.15290134226 6.1024124828 68.7083 0.336436890799 0.339220431725
175.3 7.45368218587 7.02232342173 129.996 0.237262320964 0.251836582985
149.81 7.22699011844 7.14007308391 141.051 0.352623075361 0.356915601734
99.6053 6.63815060506 6.57580696199 95.3927 0.285365715734 0.2880711994
47.7706 5.5780510921 5.45918568375 43.9925 0.230077245233 0.235086824919
26.0671 4.70415818492 4.5348148851 23.1801 0.367822057613 0.381557612991
261.863 8.0326684179 7.73727438802 213.379 0.211051461641 0.21910899439
99.0808 6.63053361215 6.60873681047 97.5951 0.205422628405 0.206100149151
192.943 7.59203089342 7.33587266126 161.554 0.317751917173 0.328847361863
140.031 7.12960243548 7.06504447334 133.903 0.308637900842 0.311458128513
104.39 6.70583970588 6.70583970588 104.39 0.469502689342 0.469502689342
155.459 7.28039033093 7.17128690374 144.136 0.248919002299 0.252706037543
265.347 8.05173642758 7.46814340389 177.066 0.354422401262 0.382118500496
124.744 6.96282661553 6.96282661553 124.744 0.315192351101 0.315192351101
114.022 6.83316840214 6.74807206076 107.491 0.20154726324 0.204088868392
95.3313 6.57487806496 6.30873765041 79.2719 0.298727385739 0.311329499614
129.215 7.01362974564 6.9534980632 123.94 0.289980914859 0.292488579365
116.856 6.86858800133 6.77626193874 109.612 0.274138214815 0.277873327509
108.261 6.75836980908 6.75836980908 108.261 0.310095273904 0.310095273904
88.1867 6.46248918501 6.39515365079 84.1653 0.277265074362 0.280184440013
106.991 6.74134563312 6.55889515563 94.281 0.283831152208 0.291726556543
121.886 6.92938861524 6.80086108249 111.497 0.316404692719 0.32238433471
66.3431 6.05187452109 6.00800499582 64.3561 0.202529807093 0.204008648488
106.55 6.7353867829 6.71183901996 104.825 0.242508601311 0.24335941657
129.64 7.01836711554 6.99062590657 127.171 0.251435337737 0.252433119672
141.776 7.14746952199 6.89332580313 118.877 0.312366408827 0.323882760013
163.431 7.35253785321 7.15121954238 142.145 0.331273848258 0.34059973892
127.251 6.99153318352 6.93841518632 122.651 0.357346562564 0.360082278603
108.878 6.76656866084 6.7285055801 106.043 0.212138564899 0.213338630385
165.679 7.3722469407 6.86932856653 116.916 0.218321593381 0.234305388555
146.197 7.1917698969 7.1917698969 146.197 0.609997961135 0.609997961135
124.109 6.95546392881 6.92713793897 121.696 0.196243289291 0.197045754244
187.125 7.54785850606 7.08454267364 135.725 0.631141224446 0.672416679369
189.625 7.56700537025 7.2669083215 154.013 0.197051718639 0.20518924241
75.258 6.23377304482 6.03559751873 65.5988 0.228287264156 0.23578295096
97.1309 6.60185842436 6.60185842436 97.1309 0.2401072695 0.2401072695
117.274 6.87373938874 6.7789050449 109.813 0.345484991715 0.350318197415
78.0935 6.28713056761 6.14188437993 70.6141 0.170279743918 0.174306599865
74.288 6.2150572809 6.13193719382 70.1289 0.283448897055 0.287291124439
98.7681 6.62597325205 6.44971157875 87.4091 0.291666039552 0.299636867945
58.9343 5.8810356277 5.82907575534 56.8495 0.275091093078 0.277543231065
132.175 7.04630551649 6.99801492927 127.824 0.155090779156 0.156161000479
175.383 7.45436510287 7.20739508283 147.789 0.424699828147 0.43925267614
131.8 7.04220656012 6.84783409324 115.187 0.392750220981 0.403898246515
77.8274 6.28220625633 6.28220625633 77.8274 0.529057206731 0.529057206731
129.79 7.02003542129 6.94753758945 123.429 0.111622333414 0.112787116915
123.864 6.95261313134 6.88474442963 118.172 0.30851277486 0.311554044104
147.899 7.20846848765 7.15228484231 142.25 0.282058580289 0.284274246973
134.292 7.06922955333 7.01530353542 129.365 0.379899985658 0.382820243253
133.148 7.05688694794 6.99962800723 127.967 0.22257522158 0.224395949968
69.3747 6.11633772254 6.11633772254 69.3747 0.343527751262 0.343527751262
107.102 6.7428416107 6.5715160297 95.1094 0.300574146996 0.308410396673
127.41 6.99333470429 6.94074230388 122.849 0.114259609938 0.115125394445
74.5588 6.22030673535 5.83591649705 57.1197 0.357822998629 0.381391476311
92.3275 6.52868851746 6.44111160304 86.8896 0.0975702035799 0.0988968220108
140.975 7.13929553273 7.06576616287 133.97 0.330522600148 0.333962158994
148.289 7.21226777318 7.0750084252 134.831 0.149855237783 0.152762518028
91.9069 6.5221012722 6.48115845021 89.3353 0.286150135952 0.287957805703
96.0334 6.58546435107 6.51532295396 91.4761 0.373679399222 0.377702284245
179.086 7.48450874921 7.39879498685 168.756 0.327624148771 0.331419617963
99.608 6.63818971165 6.6068907797 97.4703 0.240449374481 0.241588459243
138.434 7.11305450852 6.97749745635 126.019 0.235479133408 0.24005396233
220.806 7.78663556503 7.50178146595 181.243 0.360512610289 0.374201824681
140.544 7.13487805434 6.71131593529 104.787 0.218434728216 0.232220500969
78.7043 6.29837055424 6.16618719014 71.8137 0.245666778006 0.250933089287
112.023 6.80765115937 6.69125497865 103.34 0.228970031658 0.232953026966
77.324 6.27284436553 6.16161564021 71.5865 0.275831798307 0.280811079898
115.911 6.85687367495 6.7929073967 110.884 0.220973294132 0.223054117319
126.269 6.98035667976 6.91838623445 120.96 0.288767862138 0.29135445855
102.175 6.67489843313 6.67489843313 102.175 0.355773281886 0.355773281886
20.8771 4.38384941857 4.02133758297 16.2384 0.0695508343805 0.0758206389216
122.476 6.93635526085 6.88446360833 118.149 0.242044850665 0.243869264011
256.659 8.00370904073 7.59890855545 193.865 0.177295062113 0.186739724679
146.028 7.19010121359 6.96262999295 124.727 0.33734052542 0.348361542072
122.674 6.93868570083 6.93868570083 122.674 0.393456769055 0.393456769055
125.386 6.97023246249 6.88137096087 117.896 0.215994130328 0.218783336559
128.854 7.00959351308 6.97152056261 125.498 0.319203998687 0.320947239336
183.241 7.51759853098 7.47504433902 177.915 0.253282215025 0.254724108813
115.506 6.85182398467 6.67873392768 102.447 0.29065458672 0.298187364568
182.223 7.50956125589 7.17053601368 144.061 0.303552994799 0.317905077738
152.221 7.25002359268 6.7439592118 107.185 0.24240660806 0.260596716596
92.5508 6.53217355555 6.46448040386 88.3085 0.208423213329 0.210605728135
176.735 7.46544396439 7.25504745932 152.752 0.377682684801 0.388635489363
81.7701 6.35350149958 6.28401804751 77.9252 0.210640763529 0.212969854134
132.396 7.04871572531 6.94989672864 123.631 0.363276921494 0.368442273196
103.218 6.68955077145 6.65492239118 100.77 0.301563319032 0.303132480725
132.573 7.05064317388 6.47092888389 88.7041 0.299118793471 0.325916096005
69.1288 6.11121497715 5.90377100395 59.8704 0.302459350936 0.313087027627
143.425 7.16415270776 7.08887302271 136.133 0.0848191648602 0.0857198947783
107.986 6.75470047402 6.75470047402 107.986 0.198154085835 0.198154085835
105.977 6.72760738299 6.54546031019 93.4071 0.229418265148 0.235802516746
105.354 6.71910128011 6.67750824226 102.36 0.324288467574 0.326308404056
80.1422 6.32449020892 6.16512607903 71.7609 0.193037585415 0.198027469878
153.328 7.26047736865 6.72325819627 105.658 0.320518758399 0.346129677554
166.0 7.37503943135 7.21044731298 148.102 0.335460368732 0.343117887097
135.704 7.08431943592 6.76950729144 109.1 0.251934974267 0.263651069117
87.5836 6.45258884584 6.34061923513 81.0432 0.277521364629 0.282422141352
185.073 7.53195062789 7.12524813875 139.609 0.320905036849 0.339221995743
128.103 7.00116045183 6.78505352622 110.282 0.330683275043 0.341215682141
132.228 7.04688389751 6.9695879809 125.33 0.332640285454 0.336329418274
99.6528 6.63883843672 6.51070404613 91.1837 0.0707142374833 0.0721059342432
75.1641 6.23197185894 6.15414165555 71.2166 0.161282334514 0.163322040065
132.154 7.0460762825 6.96067387446 124.558 0.26215414443 0.265370585197
89.6648 6.48646982772 6.37774151799 83.1556 0.269028788595 0.273615215526
298.552 8.22183842314 7.92323239219 242.734 0.386154718788 0.400707886258
124.837 6.96390178267 6.86419852825 116.501 0.199486717694 0.20238428467
132.927 7.05449036294 7.03008221588 130.697 0.272002047263 0.272946426826
58.9262 5.88083732836 5.88083732836 58.9262 0.233742299069 0.233742299069
145.621 7.18607461132 7.01955737086 129.747 0.220766996959 0.226004009662
112.772 6.81726509727 6.49204223728 90.0118 0.309495970052 0.325000361561
87.6208 6.45320148178 6.39366845784 84.0787 0.19312781864 0.194926079393
122.452 6.93607252731 6.87205304089 117.137 0.249604206476 0.251929498933
287.848 8.16916337806 7.53581968715 185.57 0.299996244977 0.325209259213
148.217 7.21156711926 7.11471058202 138.593 0.159770237616 0.161945279284
100.781 6.65507986642 6.58428006481 95.9546 0.286815744501 0.2898998323
96.7995 6.59692769043 6.43376735739 86.4484 0.244398612285 0.250596560821
122.687 6.9388385779 6.64639310122 100.176 0.182110049179 0.19012300588
44.9322 5.48967779666 5.40539338081 42.3824 0.237042180607 0.240738296749
144.758 7.17749927023 6.81658690755 112.719 0.302139902632 0.318137061855
84.7697 6.40547677629 6.33506336632 80.7317 0.269638203167 0.272635196922
110.581 6.78895971314 6.7470919553 107.418 0.311884435963 0.313819773753
114.589 6.84032474864 6.7327847433 106.358 0.149951034335 0.152346140617
125.23 6.96843640433 6.82962126725 113.742 0.329353583427 0.336047843774
67.0672 6.06753546688 6.06753546688 67.0672 0.26330861159 0.26330861159
124.586 6.96099814846 6.83507770762 114.173 0.158399431324 0.161317573162
148.134 7.21075899854 7.09889533554 137.082 0.334273926019 0.339541380185
149.744 7.22635438749 7.19651852524 146.679 0.270080527595 0.271200247553
20.6809 4.37022706571 4.18870158662 18.2358 0.18547882381 0.193516907129
130.488 7.02777332886 6.95084163755 123.712 0.13857410286 0.140107836566
80.8009 6.3362994574 6.29362246294 78.4457 0.109194527446 0.109934974505
29.4991 4.88259903427 4.65615882509 25.2141 0.197465118514 0.207068322447
72.0939 6.17180529039 5.98196678604 63.205 0.237387110773 0.24492062202
131.675 7.04083764927 6.9911703412 127.219 0.248420420818 0.250185271761
106.679 6.73713239614 6.66793469035 101.683 0.247640877453 0.250210815729
133.231 7.05778599548 6.80493122063 111.812 0.292566844401 0.303437920268
164.488 7.36183852771 7.13699111208 140.75 0.246543266991 0.25431049208
125.678 6.97358831711 6.62803427242 98.9093 0.404871632118 0.425979704935
110.141 6.78320780206 6.63665506906 99.5021 0.0998360168326 0.102040627584
103.886 6.69885743505 6.65721124844 100.93 0.309721497598 0.311659053551
51.7707 5.69406392013 5.56635853269 47.385 0.213303322439 0.218197003518
144.352 7.17344728606 7.04935849433 132.455 0.285420182583 0.290444390902
74.2619 6.21455032209 6.17381303053 72.1943 0.285080197955 0.286961271303
83.9318 6.39114561604 6.17295748295 72.1515 0.263936602847 0.273265653758
133.271 7.05821907142 6.97266968097 125.598 0.127345404555 0.128907836484
80.7057 6.33459866519 6.20423463918 73.7328 0.137974121805 0.140873248458
86.6041 6.43636342134 6.12582258507 69.8323 0.272595527243 0.286414413085
95.2526 6.57368656761 6.46461109385 88.3165 0.162429465257 0.165170089653
99.6632 6.63898899191 6.51688346624 91.5751 0.0672953166344 0.0685562153531
117.672 6.87862726234 6.80539564898 111.848 0.302836131681 0.306094895705
106.945 6.74072522353 6.70152133387 104.078 0.219280476551 0.220563267007
109.412 6.77362716731 6.72060681065 105.464 0.335193401897 0.337837816935
95.3805 6.57562244048 6.46897586692 88.5841 0.238449614034 0.24238065889
93.3204 6.54412058606 6.52958516216 92.3849 0.176863274992 0.177256988009
105.639 6.72299873962 6.64525492569 100.097 0.296297272369 0.2997636977
118.143 6.8843903416 6.79441586635 111.0 0.163400969358 0.165564792822
104.714 6.71031052966 6.49200697559 90.0096 0.126278785462 0.130525100626
63.5757 5.99040353668 5.92579533871 60.7914 0.314952468821 0.318386355801
145.07 7.18060539542 6.95085329922 123.713 0.317924629852 0.328433246132
61.5933 5.94470152077 5.90114686887 59.7616 0.154652069548 0.155793511576
134.892 7.07566097911 6.99853401828 127.87 0.065284377787 0.0660038406967
130.515 7.02807181406 6.92963715884 121.907 0.226019842739 0.229230427187
94.9218 6.56866755347 6.50653688642 90.9207 0.246276053134 0.248627733563
136.248 7.09009124233 7.00672439533 128.598 0.130472026261 0.132024398074
84.8149 6.40624582982 6.40624582982 84.8149 0.477493371868 0.477493371868
153.067 7.25801947282 7.09213342364 136.441 0.315908731102 0.323297883022
181.496 7.50379394271 7.42604665641 171.974 0.358951513605 0.362709570535
147.728 7.20679948665 7.0699921027 134.363 0.182546411144 0.186078762608
86.3776 6.43258532673 6.43258532673 86.3776 0.332177277913 0.332177277913
89.2337 6.47951675617 6.38981114066 83.8542 0.297926480621 0.30210902651
143.317 7.16306593937 6.88808566841 118.446 0.251349815849 0.261383988447
105.792 6.72508672463 6.68330344883 102.772 0.321550587105 0.323560885899
91.5188 6.51599623042 6.34766034184 81.4397 0.113732518019 0.116748631587
152.36 7.25134038279 6.99080740761 127.187 0.15218999757 0.157861804923
105.835 6.72567300037 6.58576778067 96.0536 0.101307515972 0.103459649292
298.179 8.22003484558 7.78081532133 219.917 0.203077626842 0.214541163112
130.911 7.03244251684 6.92761205743 121.736 0.22790170476 0.231350373683
130.224 7.02485154834 6.93233287979 122.135 0.120621610252 0.122231421981
67.925 6.08587075533 6.0300557233 65.3473 0.226303958708 0.228398659534
142.559 7.1554153118 7.02167959434 129.938 0.170602073518 0.173851380239
112.979 6.81991082603 6.73225563007 106.319 0.14956875467 0.15151616713
85.486 6.41761626478 6.33038271325 80.4702 0.214250993724 0.217203402125
130.913 7.03246455753 6.9748046097 125.784 0.103847401116 0.104705896238
88.6382 6.46985667937 6.37420312115 82.9519 0.109818471103 0.111466446123
215.197 7.74951415561 7.45082359312 174.953 0.200569428898 0.208609908556
59.6274 5.89790352558 5.87543605526 58.706 0.201289122519 0.202058845369
135.432 7.0814248503 6.93890913109 122.693 0.194404577266 0.198397381845
65.715 6.03815081027 6.00614090792 64.273 0.164505507415 0.165382244293
124.59 6.96104446737 6.96104446737 124.59 0.301516305853 0.301516305853
275.85 8.10774017025 7.41732089772 170.937 0.31541656861 0.344776182525
133.062 7.05595481332 6.99173724222 127.269 0.164386373701 0.165896226442
140.82 7.13770843747 7.04031164215 131.627 0.245858347127 0.249259590755
64.6133 6.01375925468 5.94605239071 61.651 0.178955147387 0.180992884532
124.279 6.95743872788 6.92685339309 121.672 0.140692092252 0.1413133144
122.068 6.93154123865 6.88763493089 118.409 0.190298108725 0.191511193827
219.183 7.77599209589 7.15174721781 142.197 0.319198099661 0.347059512088
134.308 7.06940143063 7.00428789353 128.381 0.292608324523 0.295328481559
99.7916 6.6408464761 6.55654437276 94.1275 0.219406391746 0.222227454071
275.694 8.10692405972 7.51648010161 183.099 0.295275225028 0.318470054288
136.436 7.09208055385 6.86023034245 116.181 0.0626328780698 0.0647496358602
219.797 7.78002788491 7.48050748997 178.59 0.321909788109 0.334799093681
200.805 7.6496513823 7.29315893523 156.841 0.151448614162 0.158851481362
147.375 7.20334800298 7.11755999145 138.867 0.22177496736 0.224448022941
50.546 5.65952502265 5.50413729469 45.3848 0.267937211285 0.275501367532
122.456 6.93611965341 6.86897067415 116.887 0.238569212486 0.240901392934
109.21 6.77096115491 6.75110214514 107.717 0.227321433681 0.227990121323
125.653 6.97330130615 6.93025241594 121.959 0.322774034135 0.32477902084
107.317 6.74573482014 6.41601042674 85.3909 0.289550497184 0.304430750752
154.871 7.27492321077 7.12135737865 139.233 0.243973683725 0.249234762444
164.965 7.36601615556 7.0674988974 134.131 0.148305474352 0.154569606009
96.3858 6.59074871252 6.59074871252 96.3858 0.306961770255 0.306961770255
88.71 6.47102483907 6.43421620849 86.4753 0.281617992862 0.283229062855
127.91 6.99898524826 6.9314466853 122.06 0.228647328472 0.230875220093
125.459 6.97107215825 6.84236291586 114.751 0.313619190055 0.319518568507
110.122 6.78295890682 6.75290911976 107.852 0.186433514885 0.187263125846
129.071 7.01202107844 6.94879939128 123.537 0.0552624461396 0.0557652358858
112.665 6.81589559376 6.75063330056 107.682 0.274907039794 0.277564725827
119.863 6.90524257785 6.62251311518 98.5315 0.278858107112 0.290763165118
115.647 6.85358403127 6.76225578699 108.553 0.167957764969 0.170226133436
62.4589 5.96483525633 5.96483525633 62.4589 0.311786933497 0.311786933497
115.092 6.84664374556 6.78306371005 110.13 0.172012773949 0.173625110018
132.174 7.04629460142 6.91943543257 121.048 0.327644763834 0.333651719578
129.604 7.01796643493 6.9841791766 126.604 0.295399304574 0.296828353337
133.909 7.06510911697 6.97532065042 125.829 0.279012826017 0.282604364679
132.126 7.04577058051 6.91064872607 120.313 0.179270740863 0.182775968218
122.452 6.93607252731 6.80450536327 111.779 0.131711068763 0.134257742013
90.3675 6.49773210625 6.45328709834 87.626 0.313399326217 0.315557766609
126.416 6.98203526136 6.77665673976 109.642 0.234797239719 0.241913183734
118.42 6.88776894865 6.83166193531 113.903 0.3625869679 0.365564818976
67.9095 6.08554150506 6.08554150506 67.9095 0.395298399331 0.395298399331
188.809 7.56078372537 7.31162117971 158.861 0.219359603646 0.226834853787
105.093 6.71552276772 6.63805935222 99.599 0.31222804791 0.315871620485
119.372 6.89932066626 6.89932066626 119.372 0.348024690036 0.348024690036
73.7095 6.20377866698 6.16432772168 71.7212 0.289625381315 0.291478948418
102.571 6.68047908378 6.68047908378 102.571 0.259644192948 0.259644192948
323.063 8.33567171979 8.08043915353 270.679 0.381339500908 0.393384670432
76.4719 6.25685781422 6.17051197875 72.0293 0.0785877145973 0.0796874161939
196.924 7.62149513936 7.287656979 156.244 0.291040985521 0.304373197434
124.869 6.96427154745 6.84165868983 114.695 0.369414845887 0.376035317903
95.282 6.57413179104 6.51555477313 91.4908 0.160062702714 0.161501719978
123.634 6.9499317363 6.88634284866 118.303 0.123364418659 0.124503572827
132.368 7.04841058215 6.94396819698 123.124 0.249918884044 0.253677847739
129.151 7.01291500388 6.92038858736 121.128 0.340118543557 0.34466596884
64.1461 6.00328964887 5.94382758114 61.556 0.346063021175 0.349525036606
117.357 6.87476008672 6.78011321129 109.905 0.221733412122 0.224828695929
96.5115 6.59262895441 6.59262895441 96.5115 0.318295125292 0.318295125292
142.69 7.15674042118 6.98692284187 126.845 0.248112904979 0.254143304036
138.793 7.11679099746 7.05214414592 132.711 0.0734001259637 0.0740729833171
100.399 6.64960108952 6.6122006126 97.8297 0.308631094314 0.310376799079
70.2091 6.13358612932 5.84420234155 57.4487 0.317882700487 0.333623103464
118.825 6.89269459141 6.8101217265 112.215 0.292790001678 0.296340086424
99.6889 6.63936096956 6.59883413602 96.9275 0.307672228031 0.309561801388
172.115 7.42722902499 7.36143501345 164.442 0.395753198101 0.399290306075
119.933 6.90608486592 6.84448608776 114.92 0.281069355869 0.283598914506
110.077 6.78236924676 6.75309638026 107.866 0.277550551523 0.278753658924
80.4236 6.3295470118 6.26899386092 77.1179 0.232184957812 0.234427667104
109.806 6.77881307776 6.66375732825 101.389 0.302585633205 0.307810045666
134.589 7.07241669264 6.99557496714 127.608 0.320978992987 0.324504733156
60.9268 5.92900506394 5.92900506394 60.9268 0.270339361105 0.270339361105
138.679 7.11560552834 7.08520155497 135.787 0.203769443245 0.204643857428
139.028 7.11923165829 7.07554332727 134.881 0.107738286879 0.10840352285
97.4879 6.60715126049 6.36514484455 82.4327 0.196339161913 0.20380408817
108.74 6.76473892302 6.67297685523 102.039 0.234754506569 0.237982684849
82.7703 6.37104128134 6.32994160929 80.4456 0.112551194347 0.113281977894
98.6676 6.62450451196 6.38437796877 83.539 0.253756242729 0.263300415971
131.409 7.03792027678 6.93479954021 122.344 0.253731046569 0.257504037016
121.472 6.92447999236 6.92447999236 121.472 0.532652307105 0.532652307105
126.923 6.98780971663 6.88986288137 118.592 0.338210067052 0.343018088096
73.7998 6.20554500143 6.08124374573 67.7075 0.229849408759 0.23454755462
124.941 6.96510317185 6.84404663407 114.885 0.170994327773 0.174018851481
168.866 7.39973507049 6.91312876782 120.52 0.484015826595 0.518085082315
149.521 7.22420431278 7.14324034056 141.361 0.220340283852 0.222837697318
149.54 7.22438762793 6.66361502818 101.379 0.333598009871 0.361671753999
100.561 6.65192709118 6.55252155471 93.8654 0.146336030348 0.148556032447
104.386 6.70578442386 6.63137789107 99.1388 0.192314862933 0.194472707409
60.8749 5.92777559215 5.92777559215 60.8749 0.237491314265 0.237491314265
185.709 7.53689992395 7.3722382329 165.678 0.390180223253 0.398895044092
99.2907 6.63358668986 6.2930338308 78.4137 0.301381660846 0.317691184842
120.524 6.91317664937 6.87487072143 117.366 0.325534563602 0.32734840186
76.0717 6.24928794069 6.16453087213 71.7313 0.268786319054 0.272481902862
183.305 7.5181023285 7.35031159423 163.179 0.359946307388 0.368163054996
129.368 7.01533699141 6.90745554054 120.047 0.266659363537 0.270824080755
111.728 6.80384697272 6.7427069015 107.092 0.267155774382 0.269578232204
70.6836 6.14330361483 6.14330361483 70.6836 0.236455866382 0.236455866382
101.869 6.67057127807 6.67057127807 101.869 0.257706651394 0.257706651394
109.93 6.78044134262 6.66895587663 101.755 0.289135906347 0.293969414298
144.279 7.17271751871 7.09349679489 136.57 0.203839481178 0.206115976355
112.41 6.81262657328 6.79203540631 110.817 0.221531768435 0.222203378249
77.0821 6.26832397138 6.15423686429 71.2213 0.187094308812 0.190562658977
141.988 7.14962519646 7.03122976035 130.801 0.319271696799 0.324647756616
134.359 7.06994915289 6.98092784509 126.319 0.12124710639 0.122793258451
118.727 6.8915042489 6.83670683711 114.302 0.225644949227 0.227453533316
88.519 6.46791524798 6.38412753612 83.5245 0.225995664999 0.228961717847
83.5177 6.38401007686 6.38401007686 83.5177 0.293227294298 0.293227294298
108.571 6.76249499141 6.72809737801 106.013 0.295046588003 0.296555023137
91.1956 6.51089231389 6.3986855555 84.3716 0.345496544848 0.35155514032
76.8939 6.26479724849 6.1547553378 71.2469 0.0993996234942 0.101176806159
65.1059 6.02471638352 6.02471638352 65.1059 0.16476725386 0.16476725386
182.09 7.50850788449 7.32702262295 160.566 0.363187027571 0.372182917999
84.92 6.40803246613 6.14775441839 70.902 0.278011064752 0.289781244928
152.167 7.2495117096 7.17770854639 144.779 0.319720550032 0.322918917128
271.683 8.08578048451 7.38455928943 167.099 0.35447018912 0.388129883611
93.0025 6.53919759271 6.4712248607 88.7223 0.264849602395 0.267631541122
115.629 6.85335946399 6.74504904868 107.266 0.463251870594 0.470690660458
109.047 6.76880627021 6.68258734221 102.721 0.329227448108 0.333475149813
130.244 7.02507310263 6.641060425 99.8064 0.335852861647 0.355273217499
111.889 6.80592439923 6.75580892968 108.069 0.198700262638 0.200174247036
156.612 7.29105094951 6.98925256517 127.05 0.332821550722 0.347192902358
116.476 6.86388890647 6.86388890647 116.476 0.454572147596 0.454572147596
124.345 6.95820468671 6.8767747669 117.521 0.19072741563 0.192985875255
76.5801 6.25889763898 6.06020954801 66.7275 0.276321770635 0.285381167784
132.68 7.05180710701 7.02399824654 130.147 0.161099182299 0.161736993489
87.6977 6.45446710127 6.41871449962 85.5511 0.183918075902 0.184942509954
114.426 6.83827108987 6.72226108164 105.585 0.292826291999 0.29787976733
99.6373 6.63861402243 6.49295713698 90.0689 0.173222528559 0.177108439627
110.928 6.79347976053 6.79347976053 110.928 0.325348674138 0.325348674138
91.9403 6.52262546854 6.39761474221 84.309 0.107466035358 0.109565944102
207.349 7.69591727922 7.17411674781 144.419 0.301550618993 0.323483531262
163.728 7.35515725567 7.04424109813 131.986 0.340099165055 0.355110338595
121.965 6.93032339026 6.89632029309 119.124 0.285861673181 0.287271146906
153.292 7.26013859739 7.16836123462 143.844 0.173349194264 0.175568604164
195.907 7.61402513758 7.36009207739 164.289 0.32687316478 0.338150727908
121.315 6.92261413337 6.84722024708 115.138 0.287810134191 0.290979175604
134.276 7.06905765556 6.99897396923 127.909 0.195094535334 0.197048099425
104.752 6.71083397893 6.54126546857 93.1359 0.141567262801 0.145237095494
107.772 6.75183859321 6.66799144189 101.687 0.246287883407 0.249384848604
59.6022 5.89729367844 5.87177466554 58.5572 0.152784442263 0.153448450739
157.147 7.29597092054 7.15546591084 142.564 0.222524404593 0.226893902543
112.479 6.813511863 6.68934109874 103.203 0.383660024319 0.390781706072
119.274 6.89813578051 6.84569075977 115.016 0.222926362922 0.224634207775
93.5329 6.54740201409 6.54740201409 93.5329 0.46181813059 0.46181813059
101.577 6.66642996056 6.56747243491 94.8432 0.266346177907 0.270359435518
173.588 7.43952340865 6.75244086213 107.817 0.304423544264 0.335399617699
84.2598 6.39677258639 6.38702643812 83.6925 0.135071217419 0.135277326495
100.692 6.65380525526 6.60818088312 97.5575 0.147139397419 0.148155281024
101.24 6.66163560234 6.62613537945 98.7792 0.208290781056 0.209406721002
137.792 7.10634831951 6.98116766711 126.34 0.274458021487 0.279379380753
135.359 7.0806470051 7.0806470051 135.359 0.252077708488 0.252077708488
96.4137 6.59116625709 6.4414519402 86.9101 0.325758226673 0.333329605119
57.5697 5.84723778917 5.82680522603 56.7601 0.179137977738 0.179766151823
111.606 6.80227077911 6.62468581053 98.68 0.245865150637 0.252455946986
90.9089 6.50634963636 6.39409221955 84.1034 0.234576492795 0.238694817996
122.824 6.94044868288 6.90311059593 119.686 0.318756030587 0.320480143249
137.043 7.0984848286 7.02818234846 130.525 0.162874532648 0.164503756682
98.1004 6.61618711387 6.42018088278 85.6381 0.259732717228 0.267662280573
157.075 7.29530976986 7.11047808974 138.187 0.230573049809 0.236566627688
83.437 6.38261538119 6.38261538119 83.437 0.339712339168 0.339712339168
228.724 7.8374639454 7.1311881769 140.185 0.375846617705 0.413070619115
72.8414 6.18668674584 6.08486152476 67.8775 0.207371526004 0.210841720255
106.768 6.73833550385 6.3219371117 80.0005 0.290376188582 0.309502000166
78.339 6.29165880724 6.23500131812 75.3221 0.157962072431 0.159397474597
162.502 7.34431366405 6.97978528823 126.219 0.282371888219 0.297119127789
125.348 6.96979516709 6.92426619465 121.454 0.3722508568 0.374698509522
91.1222 6.50973067392 6.25166039909 76.1969 0.216088994857 0.225009208485
139.833 7.12756106063 7.08100934134 135.393 0.326970631403 0.329120190077
50.4472 5.65670229171 5.65670229171 50.4472 0.264320339661 0.264320339661
129.241 7.01392000836 6.81642051043 112.706 0.193106704955 0.19870179364
128.307 7.00345607096 6.87349332942 117.254 0.417534984501 0.425429658821
64.648 6.0145338333 5.92873035961 60.9152 0.141967344411 0.144021964972
138.78 7.11665586158 6.99058052775 127.167 0.1978026127 0.201369988875
60.4646 5.91801883477 5.83004484817 56.8877 0.122123637945 0.123966454522
62.5395 5.96669577993 5.76334517497 54.3175 0.224337906678 0.23225331824
112.65 6.81570350335 6.77536665624 109.544 0.172484406814 0.173511285136
261.914 8.03294936741 7.13858923496 140.906 0.308628125942 0.34729468631
132.494 7.04978321838 6.9759511163 125.884 0.140477539712 0.141964326514
106.642 6.73663193236 6.66217701013 101.278 0.30440263728 0.307804569509
264.923 8.04942929035 7.43194047813 172.678 0.0854924005117 0.092595606061
135.402 7.08110523865 7.08110523865 135.402 0.294026891219 0.294026891219
133.852 7.06449488549 7.01710904989 129.527 0.0961067485287 0.0967557477893
100.718 6.65417773002 6.61146307388 97.7797 0.288823105406 0.290689103823
89.6271 6.48586311204 6.32092687787 79.9445 0.290944242268 0.298536047805
