0.104453 0.005578
0.066771 0.004419
0.260019 0.013204
0.136112 0.010256
0.541281 0.019472
0.179461 0.008225
1.438711 0.030279
0.240196 0.011784
0.375298 0.015000
0.503408 0.023248
0.470592 0.023553
0.639145 0.025000
0.342400 0.022267
0.332716 0.015668
0.344674 0.015495
0.350443 0.014970
0.685858 0.021744
0.258484 0.011055
0.287403 0.016723
0.278027 0.013643
0.389403 0.020170
0.393978 0.016172
0.489363 0.020665
0.587675 0.021597
0.261343 0.012739
0.519316 0.020053
0.149654 0.005117
0.608397 0.020102
0.113081 0.005225
0.747210 0.024765
0.317029 0.015146
0.410839 0.017007
0.366184 0.015618
0.546351 0.017838
0.437672 0.023148
0.393298 0.019050
0.135114 0.007013
0.214288 0.012179
0.412379 0.017985
0.046711 0.002617
0.154015 0.014704
0.139547 0.007291
0.271400 0.013127
0.288625 0.015565
0.336457 0.014939
0.412237 0.016301
0.543275 0.019280
0.055086 0.002686
0.717587 0.021609
0.392967 0.019670
0.241660 0.013321
0.183533 0.006851
0.408039 0.019917
0.336902 0.015260
0.185738 0.007057
0.218539 0.012865
0.179823 0.008122
0.065068 0.004310
0.363394 0.018590
0.558317 0.032981
0.344760 0.020509
0.334745 0.014990
0.120634 0.005638
0.187071 0.007606
0.030130 0.001658
0.259841 0.011685
0.219266 0.014067
0.426035 0.016740
0.137938 0.006491
0.565405 0.020261
0.116990 0.007094
0.272236 0.013145
0.128012 0.005650
0.275458 0.013918
0.233111 0.009210
0.088827 0.005637
0.090166 0.005036
0.658542 0.026285
0.138497 0.006503
0.195023 0.007185
0.515081 0.020459
0.037548 0.001790
0.239130 0.014480
0.312222 0.016389
0.488496 0.019073
0.128326 0.005980
0.493564 0.024775
0.355491 0.012358
0.070187 0.004483
0.424194 0.018849
0.287115 0.013885
0.445292 0.021199
0.160408 0.007162
0.252915 0.010845
0.101233 0.005450
0.287840 0.014340
0.351814 0.017960
0.191790 0.012170
0.380656 0.019454
0.459145 0.016908
0.332063 0.015368
0.301223 0.014300
0.354554 0.017349
0.439739 0.015602
0.017072 0.001063
0.373430 0.016459
0.321446 0.009988
0.679773 0.017237
0.213019 0.012868
0.123665 0.006318
0.157085 0.007877
0.109197 0.005734
0.589390 0.023140
0.016112 0.001123
0.326320 0.014700
0.233318 0.011209
0.062736 0.004282
0.337718 0.014410
0.198797 0.011268
0.394487 0.018641
0.266780 0.012916
0.020189 0.001003
0.284246 0.020092
0.297837 0.013833
0.156238 0.008712
0.363161 0.015413
0.218152 0.012717
0.174438 0.007927
0.603364 0.018608
0.469151 0.016539
0.090457 0.004644
0.024011 0.001078
0.128353 0.006385
0.404033 0.027243
0.297131 0.014382
0.501303 0.016171
0.247776 0.013365
0.357808 0.020721
0.421753 0.022792
0.372036 0.024291
0.602540 0.020909
0.397558 0.017120
0.235457 0.010514
0.396929 0.019003
0.399665 0.015108
0.088210 0.003817
0.651849 0.030588
0.272580 0.011366
0.107861 0.004342
0.322554 0.013393
0.208156 0.011031
0.660925 0.039538
0.073337 0.003881
0.221492 0.011915
0.135385 0.006739
0.247558 0.011369
0.040123 0.004202
0.555704 0.019284
0.270488 0.012683
0.054739 0.005012
0.328019 0.013833
1.362864 0.040603
0.128484 0.006248
0.219688 0.010326
0.067203 0.003883
0.435368 0.014219
0.273346 0.013810
0.123810 0.006114
0.265992 0.013588
0.325575 0.014603
0.199774 0.006817
0.469656 0.013377
0.221991 0.010600
0.212997 0.007600
0.386570 0.016659
0.283638 0.015294
0.249987 0.010107
0.346544 0.014459
0.815266 0.042071
0.425374 0.016718
0.395070 0.017233
0.107011 0.007632
0.240436 0.017602
0.338824 0.015861
0.029133 0.001333
0.157179 0.007446
0.220510 0.013796
0.026992 0.001220
0.221852 0.010507
0.389198 0.014366
0.522854 0.019419
0.028208 0.001330
0.180623 0.009235
0.631180 0.041429
0.249504 0.011967
0.199371 0.009195
0.181150 0.010131
0.670575 0.032035
0.178544 0.009723
0.025484 0.001522
0.252453 0.011469
0.514657 0.016974
0.117438 0.006051
0.020553 0.001373
0.019573 0.001243
0.235296 0.012621
0.338494 0.012927
0.227376 0.010166
0.126286 0.007629
0.167472 0.020409
0.185579 0.008698
0.438689 0.016279
0.329688 0.017026
0.246746 0.011556
0.453858 0.016638
0.534411 0.012270
0.458992 0.016049
0.451722 0.023477
0.140042 0.009249
0.386350 0.017786
0.017558 0.001444
0.105228 0.005888
0.036327 0.001642
0.150767 0.008357
0.292016 0.017801
0.298808 0.010644
0.131278 0.005939
0.169776 0.007804
0.250611 0.009695
0.296071 0.015000
0.353725 0.022092
0.126326 0.008294
0.403671 0.019726
0.180089 0.010282
0.102952 0.005314
0.436600 0.020743
0.229389 0.009867
0.432583 0.018926
0.968658 0.026326
0.415870 0.015996
0.711962 0.024715
1.072997 0.027231
0.422075 0.023673
0.204059 0.009693
0.328478 0.016698
0.019459 0.001311
0.618339 0.026787
0.249646 0.015088
0.414423 0.020282
0.097265 0.007404
0.021523 0.001380
0.029454 0.001444
0.275418 0.013650
0.031309 0.001468
0.339387 0.010281
0.277465 0.014402
0.212048 0.009389
0.014307 0.001102
0.388564 0.017810
0.310799 0.011084
0.021371 0.001032
0.183153 0.010649
0.188675 0.010497
0.429280 0.019547
0.120975 0.008250
0.184833 0.011810
0.369586 0.016851
0.024288 0.001160
0.027315 0.001253
0.487062 0.018199
0.505213 0.020133
0.015076 0.000924
0.017177 0.001244
0.179765 0.010704
0.224521 0.010959
0.088687 0.003851
0.460318 0.016476
0.199935 0.009442
0.150358 0.008556
0.348529 0.017781
0.085836 0.004211
0.297809 0.013074
0.166101 0.009663
0.108676 0.005911
0.053616 0.004052
0.096888 0.006124
0.524831 0.017685
0.059174 0.003993
0.236649 0.012216
0.119093 0.009051
0.084586 0.005236
0.431802 0.015116
0.201264 0.012565
0.314811 0.013423
0.118075 0.003759
0.355683 0.013019
0.088150 0.004627
0.217846 0.013699
0.042096 0.002079
0.076791 0.002815
0.034112 0.002536
0.076808 0.003430
0.196294 0.011086
0.247598 0.008908
0.618094 0.019703
0.557096 0.024422
0.223215 0.011912
0.280781 0.014004
0.347030 0.018020
0.700913 0.030705
0.354483 0.015331
0.257709 0.014797
0.290000 0.012441
0.433774 0.016122
0.030643 0.002021
0.161850 0.006841
0.488852 0.022175
0.244681 0.011597
0.041970 0.002023
0.553890 0.013973
0.507533 0.020106
0.153253 0.006849
0.072909 0.004128
0.364829 0.010024
0.089753 0.004357
0.220311 0.007060
0.234206 0.011718
0.112920 0.006195
0.517171 0.027968
0.247046 0.016150
0.096421 0.006298
0.070434 0.003631
0.221267 0.012135
0.080971 0.003460
0.167855 0.007606
0.052181 0.003702
0.127220 0.006285
0.290748 0.017132
0.049412 0.002088
0.465532 0.019814
0.133510 0.006300
0.100961 0.005182
0.068491 0.004569
0.217996 0.014008
0.209707 0.011928
0.046485 0.002276
0.083849 0.004448
0.227488 0.011109
0.072974 0.003460
0.058583 0.003519
0.486870 0.020665
0.308380 0.016343
0.481552 0.017206
0.373536 0.017143
0.339882 0.014626
0.533269 0.018838
0.267475 0.010677
0.126384 0.008715
0.224102 0.006742
0.083984 0.005307
0.188876 0.009930
0.141438 0.006691
0.089606 0.004912
0.128669 0.006240
0.367052 0.021033
0.291769 0.016929
0.872564 0.023533
0.100494 0.007157
0.746429 0.024565
0.434620 0.022468
0.082149 0.004299
0.617405 0.028015
0.291971 0.016485
0.258356 0.013921
0.095036 0.004714
0.049901 0.003929
0.274067 0.012913
0.237992 0.010054
0.442910 0.013039
0.050713 0.002734
0.623150 0.022399
0.194029 0.011035
0.097569 0.005360
0.151357 0.007026
0.165794 0.007321
0.032943 0.002464
0.324221 0.016978
0.128115 0.005992
0.032067 0.001641
0.140473 0.006512
0.111875 0.005892
0.035315 0.001968
0.574242 0.030519
0.394877 0.015597
0.527823 0.019494
0.359349 0.022117
0.022972 0.002009
0.043343 0.001990
0.193268 0.008915
0.040212 0.001964
0.277915 0.012564
0.297949 0.011508
0.029951 0.001847
0.233248 0.011543
0.738879 0.034112
1.377044 0.048868
0.139432 0.007201
0.249770 0.010674
0.297705 0.015977
0.292610 0.013437
0.586936 0.030255
0.213082 0.014932
0.015633 0.001349
0.035963 0.001841
0.351253 0.017870
0.451208 0.016167
0.338426 0.012927
0.120340 0.007822
0.184544 0.008904
0.236390 0.012690
0.269656 0.012046
0.145542 0.008404
0.231449 0.012558
0.379756 0.012776
0.282647 0.013648
0.413754 0.020196
0.271629 0.014515
0.124101 0.008380
0.339778 0.012286
0.149754 0.008873
0.244836 0.011373
0.211002 0.012144
0.491473 0.021076
0.128611 0.007171
0.210627 0.016527
0.173644 0.009680
0.297613 0.013741
0.155064 0.007225
0.499656 0.024674
0.404141 0.014752
0.149550 0.009710
0.434334 0.018136
0.008638 0.000642
0.013107 0.000614
0.220031 0.010998
0.232974 0.013713
0.174049 0.008143
0.216088 0.009986
0.259043 0.019722
0.247725 0.014180
0.353174 0.019579
0.190383 0.011794
0.616624 0.030338
0.226990 0.011401
0.271703 0.013205
0.182100 0.016063
0.246012 0.011172
0.503175 0.021988
0.516377 0.025942
0.198260 0.010157
0.573119 0.023089
0.336010 0.016960
0.134248 0.005362
0.320793 0.013477
0.426068 0.017159
0.042468 0.003464
0.708390 0.035024
0.115689 0.006699
0.195887 0.009319
0.455714 0.020588
1.175833 0.033917
0.074162 0.003603
0.245759 0.008387
0.590822 0.032055
0.166352 0.008967
0.280858 0.013266
0.316438 0.012894
0.261188 0.015381
0.373708 0.014931
0.335012 0.016903
0.183788 0.010131
0.418889 0.020513
0.242263 0.013960
0.060841 0.003980
0.117989 0.005168
0.774430 0.021724
0.535856 0.022462
0.317146 0.016450
0.178973 0.009831
0.164359 0.011886
0.418783 0.015598
0.112552 0.005226
0.312690 0.016299
0.277958 0.010171
0.390082 0.015576
0.257372 0.015791
0.457401 0.014337
0.225199 0.011043
0.173061 0.004826
0.244628 0.013944
0.287002 0.015405
0.357104 0.017748
0.305534 0.014368
0.144597 0.007073
0.232480 0.011664
0.288974 0.010912
0.397681 0.014360
0.060816 0.004143
0.093186 0.009040
0.560312 0.021615
0.137109 0.007263
0.319223 0.012124
0.074256 0.003747
0.828269 0.020264
0.217330 0.016196
0.196920 0.007782
0.298527 0.016787
0.177910 0.007119
0.207712 0.011763
0.332147 0.014049
0.207680 0.011422
0.336437 0.014291
0.048330 0.002927
0.495963 0.022446
0.121608 0.005335
0.075822 0.003657
0.075191 0.003756
0.185707 0.009633
0.209464 0.009972
0.224865 0.008604
0.260775 0.015962
0.188797 0.007890
0.153376 0.007660
0.073005 0.005606
0.226195 0.013606
0.724050 0.022402
0.066264 0.004389
0.122961 0.006929
0.044223 0.002107
0.365019 0.014164
0.047675 0.003053
0.398614 0.015321
0.058782 0.004112
0.357523 0.014048
0.152401 0.005921
0.165100 0.009254
0.177355 0.010029
0.276346 0.008883
0.237159 0.011573
0.626630 0.021755
0.722486 0.038162
0.113120 0.007270
0.154225 0.006852
0.074633 0.005262
0.029207 0.001693
0.311437 0.014390
0.470423 0.014215
0.283159 0.017650
0.070185 0.004002
0.370721 0.012367
0.160219 0.011767
0.620571 0.023093
0.308978 0.021086
0.174959 0.013069
0.106221 0.005340
0.116349 0.005565
0.025223 0.001616
0.346485 0.013789
0.314061 0.020303
0.032787 0.001644
0.178765 0.008790
0.313907 0.013722
0.319037 0.013152
0.723294 0.029802
0.150155 0.006728
0.246235 0.012084
0.711326 0.018674
0.437163 0.020138
0.364152 0.017715
0.429842 0.017127
0.241645 0.013103
0.276211 0.013346
0.359587 0.014774
0.208681 0.010578
0.330023 0.016498
0.103312 0.006939
0.137899 0.009086
0.335448 0.014210
0.148417 0.007448
0.214643 0.013413
0.047466 0.004343
0.182911 0.010146
0.533059 0.022059
0.301984 0.018069
0.221550 0.011959
0.307520 0.018410
0.191451 0.007803
0.172224 0.007234
0.513679 0.024281
0.181468 0.008943
0.015904 0.001331
0.141638 0.006624
0.253311 0.012213
0.261107 0.012368
0.145401 0.011319
0.038137 0.002189
0.147689 0.007755
0.131072 0.006698
0.243420 0.011718
0.028319 0.001579
0.025650 0.001218
0.177577 0.009115
0.047040 0.003836
0.028816 0.001652
0.055200 0.004142
0.293516 0.015516
0.155816 0.008951
0.072591 0.004977
0.040789 0.001925
0.186897 0.009335
0.027968 0.001355
0.299659 0.020433
0.440566 0.016688
0.117683 0.005558
0.030960 0.001417
0.139662 0.006636
0.342125 0.016242
1.690134 0.053557
0.131730 0.006651
0.156962 0.007088
0.468784 0.022097
0.242671 0.008824
0.452805 0.018390
0.275687 0.013540
0.102522 0.010391
1.111842 0.048684
0.188810 0.005945
0.129150 0.006821
0.464540 0.014916
0.337710 0.014256
0.658186 0.034657
0.229964 0.009133
0.423288 0.017005
0.296537 0.014713
0.123104 0.006343
0.242332 0.015157
0.269339 0.012643
0.340786 0.012602
0.277453 0.014821
0.301936 0.013778
0.327509 0.013951
0.323160 0.015628
0.092727 0.007216
0.197533 0.009452
0.196947 0.009379
0.333655 0.015072
0.525172 0.017039
0.359814 0.018780
0.135398 0.007048
0.154747 0.007333
1.210863 0.053237
0.122151 0.005819
2.441508 0.065635
0.149507 0.005640
0.138455 0.009442
0.173545 0.009312
0.464961 0.019429
0.070453 0.005012
0.194530 0.013910
0.335828 0.015051
0.157416 0.013675
0.072854 0.003541
0.717153 0.026701
0.451678 0.023355
0.933901 0.049929
0.039600 0.001874
0.318936 0.014679
0.277387 0.011633
0.521056 0.021906
0.142346 0.007219
0.467382 0.022744
0.244582 0.014372
0.040100 0.001954
0.559774 0.027143
0.023378 0.001531
0.472429 0.016958
0.072301 0.003288
0.242320 0.013567
0.505164 0.023882
0.417627 0.015157
0.172305 0.009298
0.176207 0.008280
0.789792 0.019446
0.137426 0.007436
0.130159 0.010095
0.150340 0.008197
0.243347 0.013868
0.159291 0.007651
0.265087 0.012631
0.428182 0.020568
0.029189 0.001977
0.210630 0.009159
0.151508 0.004420
0.577958 0.018638
0.561222 0.023955
0.154108 0.007182
0.373291 0.015681
0.301493 0.009231
0.304110 0.013883
0.425412 0.014140
0.172274 0.009121
0.124834 0.007183
0.474688 0.020190
0.117449 0.007539
0.436284 0.020000
0.283039 0.014600
0.401774 0.016132
0.326247 0.018268
0.023770 0.001057
0.116549 0.006093
0.153759 0.008563
0.429599 0.017712
0.095706 0.006480
0.340682 0.016432
0.578896 0.017446
0.217978 0.010111
0.259981 0.013563
0.354280 0.015112
0.442257 0.017910
0.545513 0.017995
0.012652 0.000795
0.053606 0.004320
0.207603 0.010199
0.222918 0.012402
0.790784 0.019905
0.113758 0.005971
0.293024 0.011392
0.130632 0.010063
0.191048 0.007507
0.318432 0.016205
0.096214 0.006131
0.214894 0.009697
0.428875 0.012805
0.084665 0.003727
0.264744 0.013510
0.163550 0.009841
0.099107 0.005285
0.100615 0.010981
0.392043 0.015010
0.209366 0.012409
0.304338 0.015278
0.069385 0.003537
0.331163 0.016628
0.200697 0.012693
0.078195 0.003861
0.382106 0.016475
0.236775 0.010408
0.201176 0.013098
0.062413 0.002897
0.027285 0.001957
0.255108 0.012860
0.130756 0.010047
0.198611 0.009217
0.164303 0.009517
0.338133 0.013900
0.276074 0.009368
0.502910 0.026381
0.028074 0.001573
0.248550 0.014805
0.081454 0.008502
0.260836 0.011984
0.294350 0.015160
0.205064 0.012450
0.049640 0.002408
0.043348 0.003190
0.192832 0.013089
0.070947 0.004299
0.012080 0.000727
0.337505 0.014673
0.139839 0.007527
0.332612 0.017562
0.157310 0.009321
0.099648 0.005202
0.281650 0.014215
0.073707 0.004043
0.046220 0.002622
0.222006 0.017797
0.486423 0.016444
0.047335 0.004196
0.012992 0.000628
0.168213 0.007766
0.184828 0.010043
0.052847 0.002514
0.909500 0.040889
0.421131 0.015337
0.619206 0.018808
0.120300 0.005000
0.288027 0.018000
0.266261 0.015087
0.221744 0.009827
0.332917 0.016597
0.031807 0.002128
0.083403 0.003536
0.029529 0.001647
0.189162 0.005531
0.170216 0.007900
0.046352 0.002198
0.121761 0.009056
0.093383 0.004315
0.067261 0.003500
0.131386 0.007835
0.032959 0.001601
0.029935 0.001977
0.166717 0.005688
0.081150 0.007171
0.109364 0.005589
0.059730 0.004741
0.260432 0.013358
0.413996 0.014177
0.081852 0.003986
0.196402 0.008939
0.064909 0.005580
0.067038 0.003028
0.116687 0.005542
0.420438 0.015378
0.258778 0.012583
0.137032 0.007772
0.380062 0.012253
0.013081 0.000608
0.496019 0.014944
0.084890 0.003286
0.163223 0.007175
0.265735 0.016137
0.169071 0.008601
0.146542 0.007948
0.321974 0.015640
0.224134 0.013809
0.227394 0.008920
0.076728 0.003280
0.327505 0.015705
0.233199 0.013276
0.162111 0.007856
0.316450 0.015189
0.098796 0.005351
0.009140 0.000454
0.249983 0.012007
0.286986 0.013014
0.079920 0.004331
0.199126 0.016913
0.101125 0.004695
0.330224 0.016143
0.281270 0.013059
0.259920 0.011744
0.105659 0.004906
0.057966 0.002724
0.246085 0.015825
0.161501 0.008487
0.457634 0.020676
0.360675 0.027089
0.206031 0.007057
0.258783 0.015199
0.392595 0.018499
0.244547 0.014989
0.205060 0.010695
0.842784 0.019065
0.013927 0.001041
0.399250 0.012711
0.446443 0.021166
0.081973 0.004279
0.044833 0.002288
0.212008 0.009521
0.387271 0.017681
0.562949 0.025017
0.185872 0.007957
0.310256 0.016457
0.226456 0.009445
0.017619 0.000796
0.282767 0.015294
0.282751 0.019467
0.350018 0.013993
0.289478 0.015348
0.669538 0.022717
0.220860 0.011855
0.216520 0.011824
0.126159 0.008944
0.269856 0.014495
0.287579 0.014926
0.198628 0.013680
0.147361 0.006187
0.038372 0.001709
0.093587 0.006299
0.176027 0.008849
0.032969 0.002118
0.209573 0.011137
0.224565 0.009893
1.008580 0.043846
0.361012 0.017422
0.134114 0.009357
0.090000 0.004476
1.090931 0.038235
0.178468 0.007184
0.431153 0.018622
0.054853 0.003382
0.118091 0.005997
0.114719 0.009888
0.708880 0.022353
0.196697 0.014725
0.359439 0.016413
0.193270 0.012681
0.516163 0.018585
0.226364 0.010805
0.208462 0.011068
0.143881 0.009778
0.218970 0.010746
0.295602 0.013722
0.139637 0.006111
0.157479 0.007670
0.081525 0.005970
0.372330 0.015464
0.047373 0.002202
0.168105 0.007919
0.167143 0.008847
0.287616 0.014958
0.228712 0.013250
0.339300 0.020000
0.022034 0.001669
0.058168 0.004697
0.576830 0.019361
0.229611 0.013926
0.395595 0.015159
0.516037 0.017995
0.247672 0.012077
0.751085 0.034481
0.332864 0.017233
0.557110 0.019872
0.128028 0.006237
0.471678 0.017460
0.809474 0.033026
0.113115 0.005538
0.211476 0.013867
0.083461 0.003845
0.090977 0.005575
0.259715 0.013472
0.076199 0.004797
0.329037 0.016422
0.027037 0.001857
0.304594 0.013127
0.417156 0.017436
0.258351 0.012423
0.100591 0.004345
0.563018 0.016095
0.244028 0.012562
0.122859 0.005672
0.058197 0.003260
0.161432 0.009400
0.048923 0.004184
0.222969 0.007592
0.669572 0.025230
0.158685 0.007667
0.814478 0.036567
0.220329 0.011628
0.338577 0.015000
0.045868 0.002987
0.060441 0.003436
0.117381 0.006808
0.261221 0.011437
0.214968 0.009392
0.356496 0.018210
0.067108 0.005813
0.180344 0.009683
0.192584 0.009637
0.330362 0.015522
0.084721 0.003921
0.181408 0.011113
0.183933 0.007834
0.351501 0.019717
0.821917 0.022806
0.094460 0.007375
0.264641 0.014705
0.065963 0.004288
0.277643 0.012128
0.520116 0.021647
0.112413 0.007838
0.439595 0.016397
0.126965 0.012795
0.120915 0.005811
0.511181 0.026236
0.042678 0.003567
0.131593 0.005893
0.025437 0.002571
0.088439 0.008894
0.086948 0.004582
0.387776 0.014393
0.059311 0.002916
0.313382 0.015094
0.025897 0.001007
0.269293 0.012569
0.029372 0.001367
0.258950 0.013511
0.237691 0.014428
