0.104509 0.005578
0.065389 0.004399
0.251056 0.013111
0.130976 0.010176
0.539899 0.019472
0.175461 0.008191
1.421672 0.030209
0.154975 0.010753
0.384226 0.015079
0.483599 0.023089
0.452270 0.023355
0.581151 0.024539
0.333433 0.022133
0.323707 0.015582
0.340358 0.015453
0.343481 0.014930
0.690245 0.021744
0.252437 0.011010
0.282816 0.016650
0.260626 0.013472
0.367869 0.019943
0.393011 0.016151
0.478532 0.020582
0.591064 0.021625
0.253728 0.012668
0.507579 0.019974
0.142781 0.005072
0.625598 0.020204
0.112294 0.005218
0.745266 0.024734
0.302176 0.015000
0.409433 0.017007
0.353040 0.015514
0.539077 0.017793
0.454328 0.023311
0.369367 0.018813
0.134530 0.007013
0.213831 0.012179
0.424150 0.018083
0.045162 0.002598
0.147315 0.014532
0.138486 0.007281
0.269109 0.013109
0.273415 0.015410
0.328279 0.014858
0.423032 0.016387
0.541216 0.019280
0.054899 0.002683
0.718874 0.021635
0.383516 0.019588
0.242634 0.013340
0.181356 0.006842
0.388564 0.019724
0.335010 0.015239
0.187205 0.007066
0.208483 0.012734
0.178243 0.008099
0.064420 0.004303
0.347493 0.018433
0.532740 0.032644
0.336078 0.020389
0.338024 0.015010
0.118693 0.005615
0.185212 0.007596
0.030047 0.001656
0.243752 0.011542
0.223480 0.014130
0.433370 0.016784
0.135268 0.006464
0.316345 0.018068
0.119281 0.007125
0.271927 0.013127
0.126720 0.005635
0.274483 0.013918
0.234666 0.009222
0.091013 0.005662
0.089465 0.005029
0.647639 0.026181
0.134490 0.006467
0.190913 0.007158
0.500622 0.020351
0.037015 0.001785
0.242399 0.014522
0.323519 0.016505
0.487168 0.019048
0.126957 0.005964
0.492837 0.024740
0.338861 0.012247
0.068739 0.004463
0.420997 0.018824
0.287000 0.013885
0.436199 0.021111
0.160641 0.007162
0.253280 0.010845
0.100589 0.005442
0.278660 0.014240
0.356524 0.018010
0.193110 0.012188
0.376831 0.019426
0.458618 0.016908
0.343705 0.015474
0.290355 0.014201
0.338145 0.017181
0.439257 0.015602
0.016713 0.001058
0.360000 0.016347
0.309800 0.009925
0.689835 0.017299
0.215604 0.012906
0.121500 0.006300
0.154378 0.007844
0.112912 0.005775
0.576280 0.023049
0.015968 0.001122
0.325000 0.014680
0.225504 0.011132
0.063580 0.004295
0.327292 0.014313
0.196146 0.011236
0.384385 0.018538
0.269857 0.012952
0.020071 0.001001
0.264554 0.019785
0.280455 0.013681
0.152250 0.008663
0.359855 0.015372
0.210481 0.012625
0.170788 0.007894
0.604919 0.018631
0.468747 0.016539
0.089132 0.004625
0.023875 0.001078
0.126180 0.006367
0.387037 0.026996
0.300139 0.014422
0.486517 0.016090
0.245342 0.013327
0.366066 0.020811
0.431299 0.022890
0.364982 0.024182
0.596230 0.020856
0.399747 0.017143
0.236114 0.010529
0.374829 0.018793
0.388974 0.015030
0.087392 0.003812
0.641050 0.030462
0.276616 0.011396
0.108792 0.004347
0.321482 0.013375
0.202906 0.010969
0.670867 0.039653
0.073123 0.003881
0.223441 0.011932
0.131570 0.006701
0.243841 0.011337
0.041684 0.004238
0.555877 0.019284
0.266829 0.012648
0.058061 0.005079
0.327889 0.013833
1.298995 0.040251
0.126802 0.006231
0.215418 0.010284
0.066241 0.003872
0.452639 0.014327
0.270600 0.013791
0.125119 0.006122
0.255496 0.013473
0.333988 0.014683
0.190287 0.006757
0.487508 0.013475
0.219312 0.010586
0.197845 0.007502
0.379238 0.016592
0.289216 0.015359
0.245483 0.010080
0.335811 0.014363
0.824911 0.042130
0.418414 0.016674
0.392884 0.017209
0.108746 0.007667
0.243052 0.017657
0.328148 0.015752
0.028700 0.001329
0.154421 0.007415
0.214694 0.013714
0.026592 0.001215
0.221274 0.010507
0.382743 0.014328
0.510354 0.019343
0.027710 0.001324
0.177769 0.009209
0.660932 0.041801
0.250231 0.011967
0.194629 0.009145
0.184527 0.010175
0.650442 0.031858
0.185229 0.009792
0.025598 0.001525
0.246281 0.011406
0.505215 0.016910
0.112255 0.005991
0.020286 0.001369
0.018984 0.001233
0.238079 0.012657
0.357107 0.013063
0.224586 0.010152
0.120380 0.007550
0.168625 0.020446
0.183309 0.008674
0.423192 0.016173
0.318129 0.016906
0.253444 0.011619
0.460474 0.016681
0.540589 0.012299
0.465864 0.016091
0.463742 0.023609
0.132503 0.009138
0.386229 0.017786
0.017463 0.001444
0.104585 0.005880
0.036084 0.001639
0.148645 0.008333
0.305157 0.017984
0.301329 0.010658
0.130850 0.005939
0.165512 0.007761
0.252608 0.009707
0.292269 0.014958
0.336863 0.021863
0.128854 0.008331
0.409781 0.019781
0.180743 0.010297
0.103139 0.005314
0.437714 0.020743
0.228991 0.009867
0.429130 0.018900
0.933610 0.026166
0.411719 0.015975
0.709114 0.024715
1.084039 0.027296
0.401939 0.023401
0.205274 0.009693
0.326253 0.016674
0.019507 0.001311
0.642383 0.027004
0.247965 0.015066
0.416479 0.020310
0.096918 0.007404
0.021197 0.001375
0.028897 0.001438
0.275000 0.013650
0.030978 0.001464
0.332452 0.010243
0.275396 0.014381
0.209720 0.009364
0.014119 0.001098
0.389294 0.017810
0.308588 0.011070
0.021224 0.001031
0.179397 0.010603
0.189066 0.010497
0.424107 0.019493
0.121175 0.008250
0.167540 0.011547
0.366391 0.016828
0.024229 0.001158
0.027260 0.001252
0.486066 0.018199
0.491968 0.020027
0.014753 0.000920
0.017097 0.001242
0.176432 0.010673
0.224825 0.010974
0.088334 0.003845
0.448556 0.016391
0.201532 0.009455
0.142914 0.008469
0.338279 0.017656
0.083766 0.004187
0.290035 0.013004
0.161304 0.009607
0.104207 0.005860
0.052781 0.004033
0.092939 0.006069
0.527685 0.017708
0.059306 0.003993
0.241306 0.012251
0.118229 0.009037
0.085692 0.005251
0.400329 0.014903
0.201524 0.012565
0.310090 0.013387
0.116127 0.003745
0.360523 0.013052
0.087908 0.004621
0.214939 0.013659
0.041781 0.002076
0.076473 0.002812
0.033671 0.002529
0.076412 0.003430
0.190767 0.011022
0.162115 0.008207
0.614802 0.019703
0.557129 0.024422
0.218494 0.011861
0.269902 0.013887
0.340660 0.017944
0.681079 0.030539
0.340950 0.015227
0.253490 0.014754
0.298629 0.012508
0.435052 0.016143
0.030777 0.002021
0.158379 0.006804
0.485559 0.022145
0.235974 0.011518
0.041396 0.002017
0.544891 0.013940
0.487321 0.019947
0.151441 0.006831
0.071130 0.004105
0.373512 0.010073
0.087562 0.004333
0.216634 0.007043
0.234517 0.011718
0.103239 0.006080
0.496574 0.027729
0.229370 0.015908
0.095855 0.006298
0.070317 0.003631
0.219462 0.012118
0.080353 0.003451
0.164497 0.007575
0.049869 0.003668
0.123357 0.006241
0.281895 0.017007
0.050151 0.002094
0.468723 0.019840
0.132522 0.006291
0.098610 0.005153
0.069345 0.004583
0.213653 0.013946
0.206196 0.011876
0.046599 0.002276
0.083691 0.004448
0.221310 0.011048
0.070062 0.003432
0.057924 0.003509
0.498144 0.020748
0.302662 0.016273
0.466829 0.017118
0.366674 0.017073
0.341535 0.014646
0.535448 0.018862
0.260395 0.010621
0.123854 0.008675
0.225372 0.006750
0.062567 0.004969
0.184466 0.009888
0.137945 0.006664
0.087301 0.004891
0.128946 0.006240
0.355471 0.020881
0.287568 0.016880
0.884444 0.023590
0.099846 0.007146
0.738012 0.024503
0.410000 0.022215
0.080279 0.004281
0.599389 0.027824
0.294679 0.016508
0.248178 0.013802
0.092961 0.004695
0.049938 0.003929
0.266359 0.012842
0.234461 0.010027
0.426543 0.012942
0.050039 0.002730
0.632688 0.022457
0.114729 0.009825
0.095798 0.005337
0.151338 0.007026
0.166081 0.007331
0.023358 0.002276
0.316499 0.016882
0.127136 0.005984
0.031535 0.001636
0.136128 0.006467
0.111125 0.005883
0.034598 0.001960
0.565758 0.030433
0.385103 0.015535
0.511139 0.019392
0.356450 0.022052
0.023647 0.002022
0.042954 0.001987
0.187720 0.008866
0.040177 0.001961
0.273556 0.012513
0.293846 0.011478
0.029575 0.001842
0.235756 0.011576
0.761636 0.034346
1.395597 0.048994
0.138560 0.007191
0.240646 0.010603
0.299114 0.016000
0.295000 0.013474
0.578128 0.030170
0.205868 0.014817
0.015729 0.001351
0.035250 0.001833
0.336992 0.017719
0.433021 0.016042
0.322673 0.012826
0.119578 0.007810
0.180800 0.008867
0.238412 0.012726
0.269755 0.012046
0.138295 0.008319
0.228014 0.012504
0.379205 0.012776
0.274064 0.013573
0.404174 0.020084
0.260351 0.014392
0.122544 0.008354
0.337810 0.012270
0.146386 0.008834
0.239657 0.011326
0.211178 0.012144
0.495666 0.021105
0.123817 0.007109
0.219373 0.016684
0.171113 0.009652
0.289305 0.013665
0.151913 0.007195
0.533849 0.025017
0.400420 0.014714
0.150566 0.009724
0.434358 0.018136
0.008613 0.000641
0.012916 0.000612
0.221167 0.011014
0.221597 0.013553
0.173166 0.008132
0.210670 0.009945
0.244352 0.019475
0.240328 0.014078
0.338427 0.019410
0.188345 0.011777
0.610506 0.030295
0.233838 0.011465
0.268571 0.013187
0.194567 0.016299
0.246043 0.011172
0.493620 0.021899
0.514058 0.025906
0.190970 0.010071
0.583456 0.023180
0.323539 0.016841
0.131475 0.005340
0.312036 0.013405
0.425659 0.017159
0.042003 0.003459
0.727122 0.035220
0.115097 0.006689
0.192249 0.009280
0.450112 0.020532
1.185917 0.033958
0.073488 0.003593
0.246026 0.008387
0.575023 0.031872
0.169375 0.008992
0.284617 0.013303
0.311541 0.012860
0.255022 0.015314
0.372682 0.014911
0.343310 0.016974
0.182322 0.010116
0.404672 0.020370
0.229576 0.013798
0.058317 0.003944
0.117737 0.005168
0.781432 0.021751
0.562583 0.022673
0.313248 0.016427
0.174993 0.009789
0.157527 0.011777
0.423144 0.015619
0.112122 0.005226
0.279839 0.015931
0.270013 0.010119
0.375638 0.015453
0.251023 0.015698
0.451470 0.014301
0.220015 0.010982
0.170271 0.004815
0.243421 0.013924
0.291335 0.015449
0.361856 0.017797
0.308498 0.014407
0.140992 0.007043
0.230979 0.011664
0.283248 0.010883
0.391503 0.014323
0.061061 0.004143
0.090000 0.008963
0.546742 0.021501
0.134866 0.007233
0.310951 0.012076
0.073805 0.003742
0.785505 0.020072
0.209698 0.016071
0.193747 0.007762
0.288261 0.016667
0.175716 0.007100
0.207000 0.011746
0.334482 0.014068
0.202598 0.011356
0.321743 0.014157
0.047309 0.002910
0.476942 0.022294
0.120735 0.005328
0.074476 0.003642
0.072839 0.003730
0.186943 0.009647
0.204044 0.009917
0.220563 0.008570
0.267911 0.016033
0.191909 0.007922
0.154412 0.007671
0.072636 0.005598
0.216474 0.013466
0.738128 0.022486
0.068805 0.004422
0.118744 0.006879
0.043830 0.002104
0.364833 0.014164
0.047275 0.003048
0.384960 0.015221
0.058475 0.004105
0.347375 0.013956
0.151507 0.005913
0.162716 0.009228
0.138150 0.009509
0.278112 0.008894
0.229759 0.011493
0.642925 0.021866
0.666757 0.037568
0.114074 0.007281
0.152145 0.006834
0.073908 0.005254
0.029480 0.001696
0.314823 0.014409
0.476420 0.014250
0.270287 0.017467
0.068473 0.003985
0.356489 0.012273
0.156138 0.011694
0.646426 0.023273
0.299105 0.020927
0.160854 0.012825
0.105810 0.005340
0.118132 0.005580
0.024835 0.001611
0.357432 0.013880
0.315030 0.020303
0.032323 0.001639
0.178276 0.008790
0.300500 0.013593
0.306848 0.013047
0.731349 0.029881
0.146965 0.006700
0.240286 0.012034
0.698247 0.018607
0.413747 0.019917
0.352776 0.017617
0.427172 0.017104
0.237196 0.013065
0.263752 0.013235
0.360864 0.014774
0.216000 0.010652
0.321475 0.016406
0.102296 0.006929
0.138499 0.009100
0.337543 0.014229
0.147604 0.007448
0.215020 0.013413
0.048335 0.004358
0.181878 0.010146
0.516853 0.021941
0.297778 0.018016
0.221704 0.011959
0.295472 0.018275
0.184902 0.007751
0.168859 0.007205
0.529030 0.024448
0.180572 0.008930
0.015656 0.001325
0.140419 0.006615
0.248919 0.012162
0.265043 0.012402
0.149768 0.011390
0.037915 0.002186
0.150931 0.007788
0.127526 0.006660
0.239076 0.011669
0.028510 0.001581
0.025259 0.001212
0.174167 0.009090
0.046581 0.003830
0.029004 0.001652
0.054110 0.004123
0.283670 0.015407
0.152979 0.008912
0.073187 0.004985
0.040458 0.001922
0.185437 0.009322
0.027459 0.001349
0.307059 0.020526
0.424444 0.016580
0.113295 0.005512
0.030701 0.001415
0.140439 0.006636
0.340470 0.016219
1.781611 0.054027
0.127144 0.006595
0.153867 0.007059
0.489422 0.022280
0.241005 0.008813
0.442854 0.018293
0.273955 0.013522
0.105009 0.010462
1.038026 0.048026
0.188132 0.005938
0.127111 0.006802
0.453039 0.014859
0.341164 0.014275
0.608725 0.034118
0.229590 0.009120
0.446532 0.017185
0.301189 0.014754
0.121338 0.006325
0.253184 0.015291
0.266852 0.012626
0.345892 0.012635
0.277368 0.014821
0.298045 0.013741
0.317509 0.013876
0.313701 0.015541
0.091409 0.007193
0.193695 0.009413
0.197115 0.009379
0.333511 0.015072
0.545536 0.017146
0.344801 0.018621
0.132734 0.007018
0.152455 0.007313
1.222158 0.053309
0.118371 0.005778
2.322540 0.065000
0.150581 0.005647
0.142589 0.009499
0.170860 0.009272
0.464883 0.019429
0.069823 0.005004
0.198483 0.013974
0.335051 0.015051
0.156125 0.013653
0.072471 0.003541
0.715799 0.026701
0.440691 0.023257
0.996383 0.050567
0.038449 0.001864
0.317410 0.014659
0.280187 0.011649
0.531701 0.021994
0.140991 0.007199
0.459842 0.022681
0.236715 0.014268
0.039160 0.001943
0.567895 0.027218
0.023598 0.001533
0.465208 0.016915
0.071009 0.003279
0.241715 0.013548
0.535461 0.024178
0.426725 0.015235
0.174146 0.009325
0.173724 0.008257
0.770716 0.019353
0.137278 0.007436
0.129159 0.010079
0.146756 0.008162
0.244749 0.013888
0.157386 0.007640
0.273293 0.012700
0.433778 0.020597
0.016503 0.001732
0.208591 0.009147
0.147420 0.004398
0.576103 0.018638
0.545241 0.023826
0.153202 0.007172
0.355073 0.015514
0.307084 0.009254
0.293788 0.013788
0.424570 0.014140
0.170762 0.009109
0.120956 0.007131
0.481220 0.020244
0.116449 0.007528
0.454536 0.020164
0.284702 0.014620
0.418269 0.016261
0.307192 0.018031
0.023646 0.001055
0.114466 0.006076
0.155418 0.008575
0.441627 0.017807
0.097010 0.006500
0.355068 0.016568
0.575736 0.017446
0.203726 0.009972
0.255249 0.013525
0.349006 0.015071
0.434537 0.017862
0.525945 0.017882
0.012819 0.000797
0.054038 0.004327
0.206411 0.010199
0.221512 0.012384
0.847078 0.020143
0.113995 0.005980
0.287725 0.011362
0.137204 0.010174
0.188467 0.007488
0.322205 0.016250
0.095292 0.006122
0.213021 0.009683
0.436862 0.012853
0.085431 0.003732
0.251195 0.013378
0.155397 0.009740
0.099227 0.005293
0.109500 0.011212
0.390609 0.015010
0.197880 0.012264
0.292564 0.015171
0.067961 0.003522
0.321070 0.016535
0.195857 0.012618
0.076525 0.003840
0.376253 0.016430
0.240127 0.010437
0.115490 0.011529
0.061657 0.002893
0.027441 0.001960
0.139586 0.011295
0.135291 0.010110
0.197538 0.009205
0.161793 0.009476
0.341238 0.013919
0.276516 0.009379
0.528321 0.026679
0.027565 0.001568
0.234221 0.014632
0.081101 0.008502
0.252426 0.011918
0.289019 0.015096
0.203090 0.012431
0.049736 0.002408
0.042087 0.003170
0.196376 0.013129
0.071907 0.004312
0.012091 0.000728
0.338218 0.014693
0.138887 0.007516
0.327687 0.017512
0.158383 0.009334
0.098525 0.005187
0.276779 0.014155
0.071984 0.004025
0.045199 0.002611
0.222994 0.017797
0.483243 0.016423
0.045089 0.004148
0.012873 0.000627
0.168032 0.007766
0.182407 0.010014
0.051845 0.002503
0.901278 0.040778
0.403214 0.015218
0.603832 0.018715
0.118420 0.004980
0.291013 0.018053
0.277065 0.015196
0.214527 0.009760
0.324537 0.016505
0.031894 0.002128
0.081957 0.003521
0.028982 0.001642
0.185960 0.005511
0.166537 0.007868
0.045792 0.002192
0.123380 0.009085
0.092845 0.004309
0.067754 0.003504
0.130252 0.007824
0.032654 0.001596
0.030365 0.001983
0.167036 0.005688
0.080012 0.007148
0.107739 0.005573
0.058972 0.004726
0.255947 0.013302
0.410542 0.014159
0.080818 0.003975
0.197854 0.008951
0.064221 0.005571
0.066271 0.003024
0.115695 0.005527
0.409980 0.015319
0.259424 0.012600
0.133729 0.007727
0.370494 0.012207
0.012591 0.000603
0.469111 0.014778
0.085330 0.003290
0.162068 0.007165
0.264953 0.016114
0.169421 0.008601
0.144773 0.007937
0.320911 0.015640
0.218758 0.013747
0.231045 0.008944
0.075975 0.003272
0.315228 0.015575
0.213736 0.013027
0.158705 0.007824
0.317899 0.015210
0.095686 0.005312
0.008979 0.000452
0.246783 0.011973
0.282784 0.012979
0.077927 0.004306
0.208060 0.017077
0.100399 0.004688
0.332444 0.016166
0.282755 0.013059
0.260640 0.011760
0.104892 0.004899
0.056452 0.002713
0.234835 0.015660
0.160996 0.008487
0.469437 0.020789
0.371941 0.027257
0.198416 0.007003
0.268628 0.015310
0.378015 0.018346
0.242826 0.014967
0.199094 0.010634
0.794967 0.018886
0.013843 0.001041
0.390207 0.012648
0.428163 0.020991
0.080181 0.004255
0.044596 0.002285
0.213562 0.009547
0.390966 0.017729
0.570441 0.025051
0.185551 0.007957
0.306713 0.016410
0.220593 0.009395
0.017344 0.000793
0.266253 0.015098
0.299970 0.019704
0.312662 0.013678
0.306717 0.015522
0.685954 0.022803
0.221889 0.011872
0.216368 0.011824
0.125007 0.008930
0.258082 0.014371
0.287537 0.014926
0.202682 0.013742
0.145740 0.006170
0.037902 0.001704
0.093787 0.006299
0.172970 0.008824
0.032877 0.002118
0.198167 0.011011
0.224819 0.009893
1.018580 0.043964
0.370048 0.017494
0.132629 0.009343
0.090037 0.004476
1.019657 0.037745
0.174805 0.007155
0.419624 0.018521
0.053252 0.003362
0.111640 0.005929
0.114254 0.009872
0.710560 0.022381
0.187546 0.014564
0.359933 0.016435
0.191274 0.012643
0.526547 0.018657
0.227750 0.010820
0.209702 0.011083
0.143244 0.009778
0.208642 0.010642
0.279267 0.013553
0.140702 0.006119
0.162543 0.007723
0.084399 0.006017
0.372082 0.015464
0.046603 0.002193
0.165403 0.007898
0.167343 0.008847
0.277722 0.014852
0.225750 0.013231
0.312799 0.019679
0.021740 0.001664
0.057330 0.004682
0.579263 0.019361
0.227035 0.013885
0.403155 0.015218
0.521060 0.018018
0.247052 0.012060
0.742500 0.034434
0.315801 0.017039
0.530332 0.019693
0.123962 0.006194
0.473605 0.017483
0.787456 0.032851
0.113554 0.005546
0.202017 0.013721
0.082572 0.003835
0.089934 0.005567
0.252258 0.013378
0.076989 0.004811
0.323784 0.016376
0.026716 0.001851
0.310583 0.013180
0.418298 0.017459
0.256392 0.012405
0.100468 0.004339
0.551045 0.016036
0.238569 0.012509
0.119596 0.005649
0.056585 0.003241
0.158786 0.009359
0.047671 0.004157
0.223114 0.007592
0.663618 0.025197
0.155992 0.007635
0.837562 0.036816
0.213421 0.011546
0.341626 0.015020
0.045733 0.002987
0.059251 0.003421
0.113962 0.006769
0.272937 0.011530
0.214918 0.009392
0.343274 0.018082
0.066361 0.005794
0.173705 0.009614
0.189744 0.009610
0.315928 0.015373
0.083362 0.003910
0.187741 0.011195
0.183796 0.007834
0.353428 0.019717
0.815278 0.022778
0.096957 0.007410
0.262848 0.014684
0.066226 0.004294
0.278118 0.012128
0.501532 0.021503
0.116057 0.007885
0.428785 0.016311
0.130852 0.012904
0.121276 0.005811
0.494613 0.026089
0.042081 0.003555
0.129616 0.005877
0.030579 0.002685
0.090424 0.008939
0.085107 0.004563
0.383178 0.014355
0.058901 0.002912
0.307035 0.015031
0.025653 0.001006
0.267086 0.012552
0.028935 0.001364
0.254370 0.013473
0.234809 0.014386
