0.106823 0.005602
0.065874 0.004405
0.259648 0.013204
0.126624 0.010096
0.546080 0.019497
0.180539 0.008236
1.453554 0.030314
0.152095 0.010704
0.374921 0.015000
0.511210 0.023344
0.473355 0.023586
0.594638 0.024671
0.352900 0.022433
0.320474 0.015560
0.338779 0.015432
0.353058 0.015010
0.709319 0.021853
0.266419 0.011129
0.295170 0.016820
0.256774 0.013435
0.391165 0.020199
0.384323 0.016086
0.478864 0.020582
0.596807 0.021681
0.269594 0.012809
0.507553 0.019974
0.145281 0.005091
0.635445 0.020254
0.116305 0.005254
0.763480 0.024859
0.318975 0.015167
0.421927 0.017098
0.347715 0.015451
0.551081 0.017860
0.461148 0.023410
0.376253 0.018892
0.135796 0.007023
0.214429 0.012179
0.419296 0.018034
0.045376 0.002602
0.149433 0.014581
0.145139 0.007353
0.281291 0.013218
0.280000 0.015477
0.328441 0.014858
0.434129 0.016473
0.543672 0.019305
0.056788 0.002701
0.716139 0.021609
0.406703 0.019808
0.242519 0.013340
0.183461 0.006851
0.406851 0.019890
0.336071 0.015260
0.185886 0.007057
0.221891 0.012903
0.181956 0.008133
0.065515 0.004316
0.365170 0.018616
0.558269 0.032981
0.335778 0.020389
0.349104 0.015112
0.115058 0.005584
0.183879 0.007586
0.030121 0.001658
0.259777 0.011685
0.223082 0.014109
0.429009 0.016762
0.135509 0.006473
0.311436 0.018016
0.119250 0.007125
0.282345 0.013236
0.131414 0.005680
0.276374 0.013938
0.240413 0.009271
0.087169 0.005611
0.092207 0.005058
0.676389 0.026424
0.140948 0.006530
0.197363 0.007204
0.505270 0.020405
0.038412 0.001798
0.240297 0.014480
0.328079 0.016551
0.513058 0.019248
0.131665 0.006013
0.484533 0.024671
0.338402 0.012247
0.069066 0.004463
0.415396 0.018772
0.286788 0.013885
0.453304 0.021287
0.165345 0.007201
0.257493 0.010875
0.103558 0.005473
0.293660 0.014400
0.365466 0.018086
0.193743 0.012188
0.387978 0.019536
0.471228 0.016996
0.346295 0.015495
0.290730 0.014201
0.335133 0.017157
0.441084 0.015622
0.016786 0.001060
0.364232 0.016370
0.307706 0.009913
0.699629 0.017340
0.212868 0.012868
0.126140 0.006344
0.152541 0.007833
0.109351 0.005734
0.600640 0.023232
0.015946 0.001122
0.330100 0.014740
0.234822 0.011225
0.062911 0.004288
0.341296 0.014429
0.204472 0.011333
0.404026 0.018718
0.273453 0.012987
0.020704 0.001007
0.283046 0.020062
0.284839 0.013719
0.159950 0.008750
0.372851 0.015496
0.222680 0.012773
0.176317 0.007937
0.609095 0.018654
0.479108 0.016603
0.092205 0.004658
0.024658 0.001084
0.129492 0.006394
0.411111 0.027325
0.309582 0.014502
0.489104 0.016110
0.254316 0.013422
0.375225 0.020931
0.443571 0.023019
0.380000 0.024400
0.601845 0.020882
0.410945 0.017235
0.238086 0.010543
0.379160 0.018819
0.387791 0.015030
0.090617 0.003837
0.663319 0.030672
0.282322 0.011442
0.111570 0.004370
0.325054 0.013411
0.214281 0.011094
0.682775 0.039769
0.075030 0.003898
0.227932 0.011983
0.136400 0.006748
0.251726 0.011415
0.040239 0.004202
0.558543 0.019309
0.272195 0.012700
0.055800 0.005029
0.326315 0.013815
1.340754 0.040503
0.130555 0.006274
0.225177 0.010369
0.066061 0.003872
0.446804 0.014291
0.282592 0.013907
0.128784 0.006156
0.270916 0.013645
0.337321 0.014702
0.193878 0.006783
0.478557 0.013426
0.227160 0.010659
0.197845 0.007502
0.395135 0.016726
0.294706 0.015425
0.251032 0.010121
0.332375 0.014344
0.827101 0.042189
0.416410 0.016652
0.404605 0.017302
0.106249 0.007620
0.242534 0.017657
0.346797 0.015926
0.029840 0.001340
0.161600 0.007487
0.216490 0.013735
0.027584 0.001224
0.223198 0.010521
0.387854 0.014366
0.505505 0.019318
0.028835 0.001335
0.179222 0.009222
0.624969 0.041304
0.258843 0.012050
0.201459 0.009208
0.189025 0.010218
0.656637 0.031903
0.175881 0.009695
0.025580 0.001522
0.256578 0.011500
0.524700 0.017017
0.112528 0.006000
0.020424 0.001371
0.019184 0.001237
0.244488 0.012729
0.351286 0.013029
0.228591 0.010180
0.112170 0.007438
0.163717 0.020297
0.185711 0.008698
0.430719 0.016216
0.335612 0.017098
0.256476 0.011651
0.453427 0.016638
0.544741 0.012313
0.471132 0.016132
0.468808 0.023675
0.135202 0.009179
0.385937 0.017786
0.017125 0.001437
0.103790 0.005871
0.037206 0.001651
0.149820 0.008357
0.302801 0.017932
0.301877 0.010658
0.132524 0.005955
0.172015 0.007814
0.259504 0.009758
0.286807 0.014895
0.364281 0.022222
0.128543 0.008331
0.409014 0.019781
0.187890 0.010371
0.105546 0.005336
0.444857 0.020800
0.228074 0.009854
0.427596 0.018900
0.950319 0.026262
0.423983 0.016059
0.696994 0.024620
1.111205 0.027394
0.418537 0.023605
0.212430 0.009760
0.342436 0.016838
0.019594 0.001313
0.639458 0.026968
0.253938 0.015133
0.428873 0.020423
0.098470 0.007428
0.021417 0.001377
0.030060 0.001450
0.283327 0.013726
0.031969 0.001474
0.336398 0.010268
0.279838 0.014422
0.216234 0.009427
0.014167 0.001100
0.406813 0.017981
0.309401 0.011070
0.021977 0.001038
0.186692 0.010696
0.196461 0.010587
0.438053 0.019627
0.118788 0.008213
0.169051 0.011582
0.374943 0.016897
0.025102 0.001166
0.028245 0.001262
0.503199 0.018318
0.496011 0.020053
0.014907 0.000923
0.017039 0.001240
0.184413 0.010767
0.232024 0.011035
0.090166 0.003861
0.454374 0.016433
0.206195 0.009494
0.145889 0.008494
0.356284 0.017855
0.087333 0.004222
0.298339 0.013074
0.169158 0.009691
0.109528 0.005919
0.052819 0.004033
0.093794 0.006087
0.532157 0.017730
0.056936 0.003957
0.245945 0.012302
0.120255 0.009079
0.085174 0.005244
0.409341 0.014961
0.206729 0.012639
0.325117 0.013514
0.117986 0.003759
0.354941 0.013019
0.091098 0.004654
0.223720 0.013780
0.043402 0.002093
0.076754 0.002815
0.033801 0.002529
0.079380 0.003453
0.201198 0.011150
0.158287 0.008172
0.582550 0.019505
0.578218 0.024587
0.226142 0.011946
0.277090 0.013965
0.343350 0.017970
0.706680 0.030747
0.342872 0.015227
0.257281 0.014797
0.307742 0.012575
0.437820 0.016164
0.030698 0.002021
0.158324 0.006804
0.514592 0.022387
0.247652 0.011629
0.043100 0.002034
0.549065 0.013957
0.488408 0.019947
0.156441 0.006877
0.071333 0.004111
0.372366 0.010061
0.088407 0.004339
0.216048 0.007043
0.243257 0.011817
0.103416 0.006080
0.513546 0.027928
0.235012 0.015981
0.094523 0.006280
0.072028 0.003647
0.228646 0.012222
0.083911 0.003484
0.171793 0.007637
0.049018 0.003651
0.129493 0.006302
0.284688 0.017032
0.050190 0.002097
0.473378 0.019894
0.137080 0.006334
0.104017 0.005211
0.069145 0.004583
0.213695 0.013946
0.213959 0.011979
0.047800 0.002288
0.086492 0.004479
0.230724 0.011140
0.073866 0.003470
0.058738 0.003519
0.501108 0.020776
0.311713 0.016366
0.475410 0.017162
0.379227 0.017190
0.347539 0.014685
0.539564 0.018886
0.268110 0.010677
0.125020 0.008689
0.228262 0.006759
0.061449 0.004953
0.191166 0.009958
0.143797 0.006719
0.090850 0.004926
0.131798 0.006266
0.347629 0.020790
0.298305 0.017002
0.891909 0.023618
0.099835 0.007146
0.720404 0.024410
0.435253 0.022468
0.083430 0.004311
0.629847 0.028130
0.290974 0.016485
0.262693 0.013960
0.097768 0.004741
0.050093 0.003929
0.280888 0.012984
0.242534 0.010094
0.440852 0.013023
0.051865 0.002749
0.650867 0.022601
0.113360 0.009793
0.099609 0.005383
0.158123 0.007084
0.170565 0.007371
0.022441 0.002252
0.308705 0.016811
0.126996 0.005984
0.032650 0.001648
0.137984 0.006485
0.112067 0.005892
0.034609 0.001960
0.596277 0.030779
0.395494 0.015617
0.522025 0.019468
0.364430 0.022182
0.023014 0.002009
0.044588 0.002004
0.198146 0.008951
0.041171 0.001972
0.286188 0.012632
0.293032 0.011463
0.029327 0.001839
0.238199 0.011592
0.786542 0.034579
1.414528 0.049119
0.137120 0.007181
0.252554 0.010703
0.301045 0.016023
0.302445 0.013529
0.608000 0.030468
0.197763 0.014703
0.015552 0.001346
0.036876 0.001852
0.357694 0.017945
0.428167 0.016000
0.325871 0.012843
0.117752 0.007787
0.175813 0.008818
0.235993 0.012690
0.275827 0.012111
0.144361 0.008392
0.225742 0.012487
0.379708 0.012776
0.286144 0.013686
0.420252 0.020252
0.271320 0.014515
0.120797 0.008329
0.345302 0.012333
0.146956 0.008847
0.249298 0.011420
0.214868 0.012179
0.510227 0.021218
0.129619 0.007181
0.200235 0.016345
0.173255 0.009680
0.302011 0.013778
0.157453 0.007245
0.528969 0.024983
0.401927 0.014733
0.148723 0.009695
0.437022 0.018160
0.008599 0.000641
0.013381 0.000617
0.217312 0.010968
0.236048 0.013752
0.179597 0.008199
0.210657 0.009945
0.253981 0.019630
0.250307 0.014201
0.349916 0.019551
0.188728 0.011777
0.632194 0.030506
0.231592 0.011433
0.280256 0.013297
0.181627 0.016037
0.251172 0.011218
0.518368 0.022107
0.523732 0.026014
0.202653 0.010200
0.596789 0.023272
0.326580 0.016865
0.136071 0.005376
0.317063 0.013441
0.429477 0.017182
0.042081 0.003459
0.721659 0.035171
0.118126 0.006728
0.198560 0.009344
0.469048 0.020700
1.172625 0.033917
0.076123 0.003618
0.244391 0.008376
0.591963 0.032055
0.169694 0.009005
0.290274 0.013339
0.321164 0.012928
0.255336 0.015314
0.387199 0.015030
0.347707 0.017021
0.187576 0.010174
0.422422 0.020541
0.242949 0.013960
0.058711 0.003950
0.122186 0.005203
0.765782 0.021671
0.560781 0.022643
0.324130 0.016543
0.182264 0.009873
0.158700 0.011795
0.422799 0.015619
0.116351 0.005262
0.285172 0.015977
0.269802 0.010119
0.398724 0.015638
0.252791 0.015721
0.458011 0.014337
0.227500 0.011058
0.173149 0.004826
0.250684 0.014004
0.293239 0.015470
0.369480 0.017871
0.315573 0.014466
0.147947 0.007102
0.241093 0.011762
0.291895 0.010940
0.400612 0.014378
0.060973 0.004143
0.086402 0.008872
0.570198 0.021671
0.136358 0.007253
0.309952 0.012060
0.076976 0.003774
0.794784 0.020120
0.211637 0.016096
0.193224 0.007762
0.304034 0.016860
0.180508 0.007137
0.200915 0.011678
0.336215 0.014087
0.209281 0.011438
0.318238 0.014138
0.047657 0.002914
0.498930 0.022477
0.125184 0.005364
0.076727 0.003662
0.076747 0.003766
0.192962 0.009715
0.208941 0.009972
0.229414 0.008637
0.267066 0.016033
0.194546 0.007943
0.158301 0.007703
0.071793 0.005580
0.220498 0.013526
0.737263 0.022458
0.067241 0.004403
0.123340 0.006929
0.045461 0.002119
0.371413 0.014201
0.047725 0.003053
0.403092 0.015361
0.058770 0.004112
0.356636 0.014030
0.157382 0.005952
0.170732 0.009321
0.124046 0.009277
0.281084 0.008905
0.240915 0.011605
0.652033 0.021922
0.732162 0.038270
0.113998 0.007281
0.150195 0.006815
0.074118 0.005254
0.029286 0.001693
0.315650 0.014429
0.476173 0.014250
0.285640 0.017676
0.068357 0.003979
0.359953 0.012288
0.155883 0.011694
0.633273 0.023183
0.289010 0.020767
0.160000 0.012805
0.107864 0.005355
0.113751 0.005542
0.024563 0.001606
0.356812 0.013862
0.311939 0.020273
0.033687 0.001653
0.181222 0.008814
0.297685 0.013574
0.325849 0.013205
0.748492 0.030000
0.151490 0.006737
0.242605 0.012050
0.711685 0.018674
0.442011 0.020193
0.361892 0.017690
0.443235 0.017217
0.226131 0.012935
0.266802 0.013253
0.346248 0.014656
0.214341 0.010637
0.340276 0.016613
0.102065 0.006929
0.138950 0.009100
0.343143 0.014267
0.152427 0.007490
0.214365 0.013413
0.047437 0.004343
0.186987 0.010204
0.514000 0.021912
0.309074 0.018175
0.221755 0.011959
0.295283 0.018275
0.194093 0.007824
0.172466 0.007234
0.552575 0.024649
0.182400 0.008955
0.015684 0.001327
0.139172 0.006606
0.258176 0.012264
0.273612 0.012487
0.147112 0.011355
0.037700 0.002183
0.148335 0.007755
0.131204 0.006698
0.249254 0.011767
0.028279 0.001579
0.026156 0.001223
0.178154 0.009128
0.046452 0.003824
0.028591 0.001648
0.054013 0.004123
0.291473 0.015495
0.158057 0.008977
0.071986 0.004962
0.041888 0.001935
0.190196 0.009374
0.028503 0.001360
0.296347 0.020372
0.423943 0.016558
0.118685 0.005566
0.031889 0.001425
0.143629 0.006673
0.345302 0.016264
1.785839 0.054094
0.126577 0.006595
0.157676 0.007088
0.488784 0.022280
0.241632 0.008824
0.470268 0.018512
0.284275 0.013635
0.102238 0.010391
1.102105 0.048618
0.190379 0.005952
0.133304 0.006870
0.450169 0.014841
0.337920 0.014256
0.664608 0.034706
0.238614 0.009193
0.441802 0.017162
0.307480 0.014816
0.126093 0.006369
0.244215 0.015179
0.276278 0.012713
0.360229 0.012733
0.286274 0.014926
0.316541 0.013910
0.312266 0.013820
0.326861 0.015671
0.090045 0.007170
0.203107 0.009504
0.205265 0.009457
0.330719 0.015051
0.548412 0.017167
0.363103 0.018833
0.139384 0.007087
0.150283 0.007293
1.265252 0.053669
0.123788 0.005835
2.366587 0.065238
0.151551 0.005654
0.140787 0.009471
0.179458 0.009365
0.468468 0.019455
0.069693 0.004996
0.196282 0.013932
0.350798 0.015174
0.154009 0.013608
0.074833 0.003561
0.733194 0.026806
0.460724 0.023454
0.960000 0.050213
0.040145 0.001879
0.330964 0.014779
0.287387 0.011711
0.548299 0.022141
0.146127 0.007260
0.470063 0.022776
0.252343 0.014456
0.041016 0.001962
0.564060 0.027180
0.023486 0.001533
0.468140 0.016937
0.074190 0.003306
0.240663 0.013548
0.543158 0.024243
0.435392 0.015275
0.177258 0.009351
0.180387 0.008326
0.774157 0.019376
0.136631 0.007426
0.129683 0.010079
0.151991 0.008220
0.239118 0.013828
0.164169 0.007704
0.276307 0.012735
0.434943 0.020625
0.015836 0.001714
0.215797 0.009209
0.147028 0.004398
0.581338 0.018662
0.565338 0.023987
0.158089 0.007222
0.368910 0.015639
0.315901 0.009300
0.300777 0.013845
0.426487 0.014140
0.170620 0.009109
0.120676 0.007131
0.488699 0.020298
0.115303 0.007506
0.468415 0.020273
0.290493 0.014661
0.418120 0.016261
0.305486 0.018005
0.024495 0.001062
0.118873 0.006119
0.154631 0.008575
0.437689 0.017783
0.095363 0.006471
0.347000 0.016477
0.588745 0.017511
0.205111 0.009986
0.262912 0.013602
0.353428 0.015091
0.437197 0.017862
0.531959 0.017927
0.012693 0.000796
0.053805 0.004320
0.213957 0.010270
0.228541 0.012456
0.823990 0.020048
0.116976 0.006005
0.298069 0.011437
0.132022 0.010079
0.189585 0.007498
0.316682 0.016182
0.096533 0.006141
0.223588 0.009763
0.434754 0.012837
0.087635 0.003752
0.266736 0.013548
0.154358 0.009726
0.099722 0.005293
0.103365 0.011058
0.388212 0.014990
0.198478 0.012283
0.307991 0.015321
0.067837 0.003522
0.339140 0.016721
0.200056 0.012674
0.079339 0.003872
0.394058 0.016563
0.246873 0.010493
0.111373 0.011431
0.063824 0.002913
0.027216 0.001957
0.136385 0.011223
0.127858 0.009984
0.203952 0.009268
0.168938 0.009572
0.336396 0.013882
0.274451 0.009368
0.507724 0.026455
0.027513 0.001568
0.253312 0.014870
0.080793 0.008488
0.265213 0.012033
0.295267 0.015160
0.202048 0.012413
0.051204 0.002422
0.042591 0.003180
0.195267 0.013109
0.071218 0.004306
0.012160 0.000728
0.355228 0.014832
0.140482 0.007537
0.338458 0.017637
0.159524 0.009348
0.103199 0.005238
0.287575 0.014274
0.074523 0.004054
0.045236 0.002611
0.212062 0.017599
0.485837 0.016444
0.045817 0.004162
0.013341 0.000632
0.172468 0.007809
0.189169 0.010086
0.054095 0.002528
0.928278 0.041000
0.406627 0.015238
0.632944 0.018879
0.124173 0.005027
0.301227 0.018187
0.271217 0.015130
0.214754 0.009760
0.343935 0.016713
0.032010 0.002132
0.081905 0.003521
0.029191 0.001645
0.185783 0.005511
0.173874 0.007933
0.047296 0.002207
0.123507 0.009085
0.095797 0.004333
0.067749 0.003504
0.128488 0.007801
0.033793 0.001607
0.030508 0.001983
0.168674 0.005696
0.080094 0.007148
0.111962 0.005620
0.058702 0.004719
0.264690 0.013396
0.415895 0.014195
0.084113 0.004008
0.202902 0.009000
0.062790 0.005543
0.068461 0.003040
0.120344 0.005573
0.413068 0.015339
0.268831 0.012688
0.136439 0.007760
0.372793 0.012222
0.012722 0.000604
0.471056 0.014796
0.085317 0.003290
0.169117 0.007223
0.266066 0.016137
0.172811 0.008637
0.151848 0.008016
0.333644 0.015748
0.218656 0.013747
0.225329 0.008897
0.076627 0.003276
0.312907 0.015553
0.213161 0.013027
0.164070 0.007878
0.319076 0.015231
0.100084 0.005366
0.009319 0.000455
0.252305 0.012023
0.282784 0.012979
0.080679 0.004337
0.205628 0.017022
0.100650 0.004688
0.337466 0.016211
0.288479 0.013113
0.271840 0.011856
0.109475 0.004946
0.056497 0.002713
0.247618 0.015825
0.160996 0.008487
0.453352 0.020648
0.373544 0.027300
0.201125 0.007021
0.263496 0.015265
0.395140 0.018524
0.247837 0.015033
0.207961 0.010740
0.803875 0.018931
0.013820 0.001040
0.397496 0.012695
0.447580 0.021166
0.083796 0.004297
0.046146 0.002301
0.220142 0.009598
0.404976 0.017850
0.597797 0.025288
0.191465 0.008000
0.315618 0.016503
0.228474 0.009458
0.018037 0.000799
0.282658 0.015294
0.293994 0.019615
0.327837 0.013808
0.295261 0.015413
0.690145 0.022832
0.224064 0.011889
0.222618 0.011892
0.124609 0.008930
0.271320 0.014515
0.298442 0.015053
0.202100 0.013721
0.150761 0.006212
0.039455 0.001718
0.090285 0.006251
0.178849 0.008886
0.032197 0.002109
0.193855 0.010964
0.232517 0.009960
1.045207 0.044142
0.374313 0.017542
0.133014 0.009343
0.092990 0.004507
1.024902 0.037794
0.180809 0.007203
0.426090 0.018571
0.053786 0.003367
0.110572 0.005921
0.114799 0.009888
0.736387 0.022521
0.183073 0.014495
0.372444 0.016547
0.188802 0.012605
0.537386 0.018729
0.232146 0.010849
0.213721 0.011130
0.141274 0.009748
0.220448 0.010761
0.282162 0.013590
0.144889 0.006152
0.161266 0.007702
0.080850 0.005961
0.389443 0.015588
0.048525 0.002211
0.168747 0.007930
0.167231 0.008847
0.289325 0.014979
0.232962 0.013308
0.335248 0.019971
0.021878 0.001667
0.057450 0.004682
0.577174 0.019361
0.226585 0.013885
0.420714 0.015337
0.521382 0.018018
0.258911 0.012178
0.753491 0.034528
0.338131 0.017282
0.523581 0.019642
0.130493 0.006263
0.473175 0.017483
0.773596 0.032719
0.117800 0.005585
0.201746 0.013721
0.085460 0.003861
0.087611 0.005534
0.260607 0.013472
0.077374 0.004811
0.337706 0.016514
0.026955 0.001857
0.313763 0.013198
0.420653 0.017483
0.262955 0.012474
0.102743 0.004363
0.555424 0.016055
0.248286 0.012597
0.124981 0.005695
0.057358 0.003251
0.160491 0.009386
0.047786 0.004157
0.221673 0.007582
0.661250 0.025164
0.162322 0.007699
0.845920 0.036866
0.221908 0.011645
0.347134 0.015081
0.046315 0.002992
0.061244 0.003446
0.118982 0.006828
0.278764 0.011577
0.218910 0.009417
0.367647 0.018338
0.066153 0.005794
0.173843 0.009614
0.197402 0.009690
0.332580 0.015544
0.086128 0.003937
0.184386 0.011162
0.189821 0.007886
0.359178 0.019802
0.813472 0.022750
0.094739 0.007375
0.260232 0.014662
0.064718 0.004275
0.281195 0.012144
0.507023 0.021532
0.112354 0.007838
0.448742 0.016461
0.125284 0.012751
0.119165 0.005787
0.520590 0.026347
0.041961 0.003549
0.135276 0.005925
0.027034 0.002611
0.087439 0.008864
0.088762 0.004601
0.392879 0.014430
0.060985 0.002932
0.317704 0.015136
0.026017 0.001008
0.279345 0.012655
0.030036 0.001373
0.265592 0.013588
0.238008 0.014428
