0.108376 0.005626
0.066445 0.004412
0.260759 0.013222
0.126576 0.010096
0.556734 0.019573
0.183360 0.008258
1.452578 0.030314
0.152930 0.010720
0.378095 0.015020
0.517548 0.023376
0.481743 0.023651
0.601941 0.024737
0.351100 0.022400
0.321681 0.015560
0.338211 0.015432
0.351751 0.014990
0.710463 0.021880
0.270728 0.011159
0.295413 0.016820
0.258729 0.013454
0.400540 0.020284
0.382860 0.016086
0.478698 0.020582
0.592017 0.021625
0.273004 0.012845
0.509526 0.020000
0.145542 0.005091
0.643053 0.020305
0.117434 0.005261
0.771944 0.024890
0.325042 0.015230
0.424059 0.017120
0.354172 0.015514
0.557162 0.017905
0.463672 0.023410
0.378100 0.018892
0.136133 0.007023
0.216766 0.012214
0.418811 0.018034
0.045729 0.002605
0.148399 0.014557
0.145088 0.007353
0.282382 0.013236
0.278160 0.015455
0.331437 0.014899
0.435419 0.016473
0.546650 0.019305
0.057116 0.002705
0.711528 0.021582
0.408132 0.019808
0.244237 0.013359
0.183417 0.006851
0.410359 0.019917
0.343909 0.015322
0.183745 0.007048
0.224850 0.012940
0.183912 0.008155
0.065677 0.004316
0.373316 0.018695
0.567212 0.033077
0.339731 0.020449
0.348737 0.015112
0.115197 0.005584
0.184485 0.007586
0.029950 0.001656
0.263784 0.011717
0.221698 0.014088
0.428767 0.016740
0.136179 0.006473
0.312324 0.018016
0.118667 0.007115
0.282600 0.013236
0.132951 0.005688
0.276745 0.013938
0.242454 0.009283
0.085611 0.005595
0.093227 0.005072
0.679549 0.026424
0.142657 0.006547
0.198649 0.007213
0.515595 0.020486
0.038657 0.001800
0.239108 0.014480
0.329468 0.016551
0.517218 0.019273
0.132445 0.006013
0.488062 0.024706
0.341930 0.012278
0.069593 0.004470
0.416880 0.018798
0.289731 0.013923
0.461462 0.021345
0.167046 0.007221
0.259592 0.010904
0.104256 0.005481
0.300300 0.014460
0.367758 0.018111
0.194394 0.012206
0.390519 0.019563
0.473026 0.016996
0.350968 0.015537
0.294142 0.014241
0.337398 0.017181
0.441285 0.015622
0.016858 0.001060
0.366860 0.016392
0.308242 0.009913
0.699691 0.017340
0.215226 0.012887
0.126939 0.006353
0.153091 0.007833
0.109773 0.005742
0.606159 0.023293
0.016092 0.001123
0.331620 0.014740
0.235256 0.011240
0.063541 0.004295
0.348897 0.014487
0.203610 0.011333
0.406385 0.018744
0.277513 0.013023
0.020789 0.001008
0.290769 0.020185
0.289032 0.013757
0.160312 0.008750
0.374711 0.015496
0.223142 0.012791
0.177257 0.007948
0.615638 0.018677
0.478153 0.016603
0.093379 0.004671
0.024821 0.001086
0.131487 0.006420
0.412551 0.027366
0.307809 0.014482
0.490794 0.016110
0.255399 0.013441
0.377988 0.020961
0.446201 0.023052
0.379491 0.024400
0.599251 0.020882
0.414217 0.017258
0.239957 0.010557
0.388688 0.018924
0.392249 0.015069
0.090900 0.003843
0.675546 0.030798
0.283338 0.011442
0.112513 0.004376
0.327786 0.013429
0.215594 0.011109
0.682543 0.039769
0.075613 0.003903
0.228458 0.011983
0.137857 0.006767
0.254417 0.011431
0.040102 0.004202
0.561728 0.019333
0.273310 0.012700
0.055311 0.005021
0.329074 0.013833
1.347789 0.040553
0.132392 0.006291
0.225957 0.010383
0.066443 0.003872
0.449390 0.014309
0.284855 0.013926
0.129762 0.006165
0.273588 0.013664
0.340000 0.014722
0.193704 0.006783
0.478148 0.013426
0.230732 0.010688
0.199422 0.007512
0.398296 0.016749
0.300566 0.015490
0.252332 0.010134
0.334479 0.014363
0.833609 0.042249
0.420264 0.016696
0.410163 0.017349
0.106671 0.007632
0.240082 0.017602
0.351307 0.015969
0.030002 0.001340
0.163354 0.007508
0.216184 0.013735
0.027878 0.001226
0.225384 0.010535
0.392631 0.014403
0.513864 0.019369
0.028976 0.001337
0.180376 0.009235
0.631304 0.041429
0.258446 0.012050
0.204101 0.009233
0.189927 0.010233
0.673407 0.032080
0.174868 0.009681
0.025609 0.001525
0.260937 0.011531
0.533433 0.017082
0.112553 0.006000
0.020611 0.001375
0.019348 0.001239
0.244883 0.012729
0.350948 0.013029
0.231492 0.010207
0.111331 0.007427
0.164312 0.020335
0.186237 0.008698
0.430550 0.016216
0.337026 0.017098
0.258460 0.011667
0.456530 0.016659
0.552256 0.012342
0.476811 0.016173
0.460364 0.023576
0.136773 0.009207
0.385645 0.017786
0.017331 0.001442
0.103765 0.005871
0.037390 0.001653
0.150767 0.008357
0.306806 0.017984
0.303849 0.010671
0.134191 0.005963
0.174019 0.007836
0.261743 0.009771
0.288929 0.014916
0.369216 0.022288
0.129078 0.008344
0.414630 0.019836
0.188039 0.010371
0.107407 0.005359
0.447629 0.020829
0.228181 0.009854
0.427852 0.018900
0.953195 0.026262
0.430105 0.016101
0.701171 0.024652
1.107134 0.027394
0.429524 0.023741
0.213445 0.009773
0.344028 0.016862
0.019695 0.001315
0.631986 0.026895
0.256947 0.015177
0.429690 0.020423
0.097683 0.007416
0.021645 0.001382
0.030295 0.001452
0.288004 0.013764
0.032114 0.001474
0.337254 0.010268
0.282617 0.014442
0.216972 0.009427
0.014250 0.001100
0.404842 0.017956
0.315121 0.011113
0.022094 0.001039
0.187357 0.010696
0.198072 0.010602
0.438080 0.019627
0.118875 0.008213
0.172056 0.011617
0.380322 0.016943
0.025173 0.001168
0.028332 0.001262
0.501517 0.018318
0.489043 0.020000
0.014972 0.000923
0.017154 0.001242
0.184695 0.010767
0.233075 0.011050
0.090934 0.003866
0.456072 0.016454
0.209091 0.009519
0.147000 0.008519
0.360549 0.017905
0.088298 0.004234
0.300035 0.013092
0.169467 0.009705
0.110750 0.005936
0.052933 0.004039
0.094049 0.006087
0.534742 0.017730
0.057069 0.003957
0.246065 0.012302
0.120609 0.009079
0.086063 0.005259
0.414787 0.015000
0.205167 0.012621
0.325387 0.013514
0.118920 0.003764
0.355076 0.013019
0.091915 0.004667
0.225122 0.013801
0.043674 0.002096
0.077243 0.002819
0.034143 0.002536
0.079809 0.003458
0.203195 0.011166
0.159667 0.008184
0.583416 0.019505
0.583267 0.024653
0.225482 0.011946
0.276973 0.013965
0.340609 0.017944
0.726224 0.030913
0.351219 0.015310
0.260771 0.014839
0.308696 0.012592
0.443082 0.016184
0.030968 0.002024
0.158864 0.006813
0.515891 0.022417
0.250543 0.011645
0.043593 0.002037
0.548013 0.013957
0.493342 0.020000
0.156784 0.006877
0.072035 0.004117
0.373744 0.010073
0.088527 0.004345
0.215515 0.007034
0.246399 0.011833
0.103363 0.006080
0.520159 0.028008
0.234891 0.015981
0.096789 0.006308
0.072538 0.003652
0.231962 0.012257
0.084217 0.003484
0.174332 0.007658
0.049512 0.003663
0.131355 0.006320
0.292419 0.017132
0.050218 0.002097
0.476489 0.019920
0.137062 0.006334
0.104680 0.005218
0.070076 0.004597
0.216910 0.013987
0.215181 0.011997
0.048439 0.002295
0.087041 0.004486
0.233790 0.011171
0.074990 0.003480
0.058758 0.003519
0.500609 0.020776
0.312824 0.016389
0.475233 0.017162
0.382412 0.017213
0.350551 0.014724
0.543608 0.018910
0.269295 0.010691
0.126755 0.008715
0.228162 0.006759
0.061953 0.004961
0.191770 0.009958
0.145327 0.006728
0.091616 0.004940
0.133215 0.006283
0.351155 0.020821
0.301548 0.017052
0.889288 0.023618
0.100143 0.007146
0.723106 0.024410
0.446456 0.022595
0.083874 0.004317
0.635611 0.028168
0.296366 0.016532
0.264752 0.013980
0.098490 0.004747
0.049665 0.003923
0.281616 0.012984
0.244744 0.010108
0.445016 0.013039
0.052488 0.002753
0.652977 0.022601
0.113296 0.009793
0.100414 0.005391
0.156939 0.007074
0.171815 0.007381
0.022134 0.002245
0.309520 0.016811
0.128025 0.005992
0.032888 0.001650
0.139019 0.006494
0.112633 0.005900
0.034874 0.001963
0.603550 0.030823
0.396029 0.015617
0.527114 0.019494
0.373094 0.022280
0.022988 0.002009
0.045097 0.002007
0.198927 0.008963
0.041650 0.001977
0.287197 0.012632
0.296621 0.011493
0.029403 0.001839
0.236817 0.011576
0.786028 0.034533
1.420189 0.049182
0.137870 0.007191
0.257504 0.010746
0.302614 0.016045
0.306599 0.013566
0.626298 0.030638
0.198904 0.014703
0.015670 0.001349
0.037360 0.001854
0.359975 0.017970
0.427104 0.016000
0.325635 0.012843
0.118724 0.007799
0.175998 0.008818
0.238123 0.012708
0.278560 0.012128
0.147552 0.008429
0.227317 0.012504
0.381039 0.012776
0.289622 0.013724
0.426947 0.020308
0.277567 0.014577
0.123000 0.008354
0.346524 0.012333
0.148640 0.008860
0.250078 0.011420
0.216327 0.012197
0.509008 0.021218
0.131060 0.007191
0.200235 0.016345
0.174256 0.009694
0.305301 0.013797
0.158266 0.007255
0.514399 0.024845
0.402786 0.014733
0.149390 0.009710
0.441332 0.018184
0.008669 0.000642
0.013493 0.000618
0.218449 0.010983
0.240339 0.013792
0.179239 0.008188
0.212093 0.009959
0.254136 0.019630
0.251967 0.014221
0.353511 0.019607
0.188031 0.011760
0.641181 0.030591
0.231322 0.011433
0.283187 0.013315
0.183333 0.016089
0.252268 0.011218
0.514896 0.022077
0.534094 0.026087
0.203652 0.010214
0.592446 0.023242
0.327672 0.016888
0.137206 0.005390
0.316631 0.013441
0.432023 0.017205
0.042369 0.003464
0.731220 0.035268
0.118777 0.006728
0.199961 0.009357
0.469860 0.020700
1.189458 0.034000
0.076727 0.003623
0.246560 0.008387
0.617352 0.032329
0.170255 0.009005
0.293029 0.013376
0.321182 0.012928
0.258430 0.015359
0.385858 0.015010
0.346974 0.017021
0.187446 0.010174
0.427436 0.020598
0.246808 0.014000
0.059797 0.003968
0.122416 0.005203
0.776127 0.021724
0.558529 0.022643
0.325336 0.016543
0.182658 0.009873
0.160220 0.011813
0.429473 0.015680
0.117993 0.005276
0.289126 0.016023
0.265889 0.010092
0.407181 0.015700
0.254372 0.015744
0.456792 0.014319
0.229202 0.011074
0.175127 0.004838
0.251509 0.014024
0.294945 0.015470
0.371955 0.017896
0.317016 0.014486
0.148242 0.007112
0.241631 0.011762
0.292251 0.010940
0.405065 0.014416
0.061061 0.004143
0.086296 0.008872
0.577677 0.021728
0.137891 0.007274
0.312916 0.012092
0.077474 0.003779
0.796755 0.020120
0.215668 0.016171
0.194918 0.007772
0.306522 0.016884
0.181685 0.007147
0.203847 0.011712
0.330998 0.014049
0.210359 0.011454
0.319598 0.014138
0.047923 0.002918
0.507982 0.022569
0.125465 0.005364
0.077527 0.003672
0.077177 0.003772
0.192840 0.009715
0.210812 0.009986
0.232286 0.008660
0.267793 0.016033
0.195844 0.007954
0.157927 0.007703
0.072083 0.005589
0.220697 0.013526
0.739860 0.022486
0.067234 0.004403
0.125105 0.006949
0.045844 0.002121
0.373941 0.014219
0.048130 0.003062
0.407892 0.015402
0.059014 0.004112
0.356100 0.014030
0.157793 0.005960
0.171065 0.009334
0.124032 0.009277
0.282358 0.008916
0.243178 0.011621
0.657187 0.021950
0.745946 0.038432
0.113792 0.007270
0.150836 0.006815
0.075077 0.005270
0.029313 0.001693
0.318071 0.014449
0.474621 0.014233
0.288799 0.017728
0.069433 0.003997
0.361991 0.012304
0.157723 0.011730
0.636787 0.023213
0.294121 0.020831
0.160833 0.012825
0.109141 0.005370
0.114274 0.005550
0.024657 0.001608
0.350182 0.013825
0.308606 0.020212
0.033976 0.001655
0.183154 0.008839
0.303870 0.013630
0.329335 0.013222
0.746746 0.030000
0.152112 0.006746
0.247496 0.012101
0.717169 0.018697
0.445234 0.020220
0.367568 0.017740
0.441290 0.017217
0.222710 0.012897
0.269242 0.013290
0.348762 0.014676
0.209556 0.010578
0.341613 0.016613
0.102233 0.006929
0.140164 0.009113
0.343886 0.014286
0.153417 0.007500
0.214901 0.013413
0.047143 0.004336
0.187758 0.010204
0.518824 0.021941
0.311614 0.018201
0.222402 0.011976
0.296792 0.018275
0.196974 0.007845
0.172263 0.007234
0.557191 0.024682
0.182898 0.008955
0.015878 0.001329
0.140291 0.006615
0.261470 0.012280
0.272675 0.012470
0.149127 0.011390
0.037798 0.002186
0.150876 0.007788
0.132493 0.006717
0.254230 0.011815
0.028222 0.001579
0.026279 0.001223
0.178936 0.009128
0.046605 0.003830
0.028840 0.001652
0.054155 0.004123
0.301319 0.015604
0.159508 0.008990
0.071745 0.004962
0.042147 0.001935
0.189831 0.009374
0.028825 0.001362
0.296563 0.020372
0.427952 0.016601
0.119870 0.005573
0.032011 0.001427
0.145009 0.006682
0.353266 0.016331
1.774362 0.054027
0.127340 0.006605
0.158496 0.007097
0.488207 0.022280
0.243995 0.008836
0.472951 0.018537
0.291789 0.013710
0.103499 0.010409
1.099737 0.048618
0.191213 0.005960
0.133266 0.006870
0.455310 0.014859
0.332958 0.014218
0.676127 0.034853
0.237313 0.009181
0.437072 0.017117
0.308115 0.014816
0.126646 0.006378
0.242848 0.015157
0.279287 0.012748
0.361571 0.012750
0.288484 0.014947
0.316485 0.013910
0.315337 0.013858
0.333139 0.015736
0.091420 0.007193
0.204386 0.009517
0.203661 0.009444
0.327248 0.015031
0.546738 0.017146
0.367268 0.018859
0.140567 0.007097
0.149687 0.007283
1.272158 0.053741
0.125369 0.005851
2.375079 0.065317
0.152154 0.005654
0.136681 0.009413
0.181151 0.009392
0.469870 0.019481
0.070715 0.005012
0.198397 0.013974
0.354703 0.015215
0.150668 0.013541
0.075226 0.003566
0.745625 0.026910
0.465461 0.023487
0.950709 0.050142
0.040578 0.001884
0.332008 0.014799
0.286672 0.011711
0.548006 0.022141
0.146370 0.007260
0.475331 0.022839
0.254163 0.014477
0.041125 0.001965
0.568571 0.027218
0.023479 0.001533
0.471488 0.016958
0.074397 0.003306
0.239298 0.013528
0.543618 0.024243
0.436627 0.015294
0.178795 0.009377
0.180604 0.008326
0.785289 0.019423
0.137691 0.007436
0.130968 0.010111
0.153934 0.008244
0.241002 0.013848
0.166286 0.007725
0.277195 0.012735
0.435597 0.020625
0.015974 0.001717
0.217070 0.009221
0.147833 0.004404
0.585563 0.018685
0.570740 0.024019
0.158837 0.007222
0.372725 0.015660
0.317359 0.009311
0.299867 0.013845
0.429247 0.014158
0.171137 0.009109
0.122162 0.007152
0.490352 0.020325
0.116045 0.007517
0.470000 0.020301
0.295092 0.014723
0.415620 0.016239
0.302861 0.017979
0.024654 0.001064
0.121196 0.006145
0.155909 0.008587
0.438090 0.017783
0.096314 0.006490
0.350886 0.016523
0.592706 0.017532
0.205651 0.009986
0.264080 0.013621
0.353550 0.015112
0.441188 0.017910
0.535353 0.017950
0.012773 0.000797
0.053647 0.004320
0.214738 0.010270
0.227989 0.012456
0.821639 0.020024
0.117399 0.006014
0.300749 0.011452
0.128594 0.010032
0.190287 0.007507
0.322000 0.016250
0.098239 0.006159
0.224631 0.009776
0.434200 0.012837
0.088159 0.003757
0.270835 0.013586
0.153449 0.009711
0.100751 0.005308
0.103000 0.011038
0.391807 0.015010
0.200543 0.012301
0.311774 0.015363
0.068482 0.003527
0.339581 0.016721
0.198663 0.012655
0.080242 0.003878
0.397184 0.016585
0.247127 0.010493
0.116059 0.011549
0.063998 0.002913
0.027207 0.001957
0.136565 0.011241
0.125118 0.009937
0.205177 0.009268
0.169834 0.009572
0.338096 0.013882
0.274964 0.009368
0.511082 0.026493
0.027705 0.001570
0.254675 0.014892
0.081439 0.008502
0.265639 0.012033
0.298273 0.015203
0.204022 0.012431
0.051508 0.002425
0.042873 0.003185
0.197129 0.013149
0.071894 0.004312
0.012202 0.000729
0.357228 0.014851
0.140300 0.007527
0.343756 0.017687
0.157894 0.009321
0.103756 0.005238
0.290577 0.014294
0.074876 0.004060
0.045365 0.002614
0.214379 0.017655
0.496046 0.016506
0.046635 0.004183
0.013457 0.000633
0.173691 0.007819
0.189312 0.010100
0.054854 0.002535
0.937889 0.041111
0.408611 0.015258
0.635093 0.018902
0.125073 0.005033
0.303813 0.018213
0.271500 0.015130
0.216884 0.009787
0.340787 0.016667
0.032555 0.002138
0.082085 0.003526
0.029378 0.001647
0.187173 0.005518
0.175855 0.007944
0.047560 0.002210
0.122944 0.009085
0.096370 0.004339
0.068263 0.003509
0.128683 0.007801
0.033966 0.001609
0.030819 0.001989
0.169087 0.005703
0.080481 0.007160
0.112308 0.005620
0.059467 0.004734
0.266229 0.013415
0.417179 0.014195
0.085224 0.004019
0.203890 0.009012
0.063496 0.005553
0.069055 0.003049
0.120053 0.005573
0.415956 0.015359
0.269895 0.012688
0.136943 0.007760
0.374784 0.012222
0.012758 0.000605
0.470796 0.014796
0.086063 0.003295
0.171058 0.007243
0.270711 0.016209
0.174415 0.008661
0.152698 0.008016
0.332386 0.015748
0.220611 0.013768
0.224390 0.008897
0.076847 0.003280
0.317831 0.015597
0.216628 0.013065
0.165702 0.007889
0.319601 0.015231
0.101829 0.005381
0.009390 0.000456
0.254677 0.012040
0.284344 0.012996
0.081363 0.004343
0.208852 0.017104
0.101563 0.004695
0.342825 0.016278
0.289732 0.013131
0.273248 0.011872
0.110774 0.004953
0.056759 0.002713
0.252594 0.015896
0.162209 0.008499
0.450535 0.020620
0.375570 0.027342
0.201998 0.007030
0.262389 0.015243
0.404097 0.018601
0.251302 0.015077
0.210529 0.010755
0.810624 0.018953
0.013992 0.001043
0.400431 0.012711
0.451166 0.021195
0.084369 0.004303
0.046508 0.002304
0.222332 0.009611
0.408792 0.017874
0.592475 0.025254
0.192556 0.008011
0.316037 0.016503
0.228966 0.009458
0.018174 0.000801
0.288497 0.015359
0.290769 0.019586
0.332440 0.013845
0.289000 0.015326
0.694017 0.022861
0.224874 0.011906
0.226166 0.011926
0.124897 0.008930
0.273629 0.014536
0.297726 0.015032
0.202536 0.013742
0.152357 0.006228
0.039750 0.001720
0.088126 0.006213
0.180384 0.008899
0.032327 0.002112
0.191501 0.010932
0.232450 0.009960
1.052781 0.044260
0.372193 0.017518
0.133743 0.009357
0.093745 0.004513
1.033775 0.037843
0.184434 0.007231
0.432231 0.018622
0.054224 0.003372
0.111262 0.005929
0.114366 0.009872
0.738599 0.022521
0.182982 0.014495
0.373251 0.016547
0.191388 0.012643
0.534508 0.018705
0.232966 0.010864
0.215840 0.011146
0.142489 0.009763
0.224433 0.010791
0.282838 0.013590
0.146226 0.006168
0.160085 0.007691
0.080675 0.005961
0.388186 0.015588
0.048757 0.002214
0.170632 0.007941
0.167419 0.008847
0.294916 0.015042
0.233731 0.013327
0.343819 0.020058
0.021980 0.001669
0.058429 0.004705
0.579189 0.019361
0.227587 0.013906
0.417440 0.015317
0.521498 0.018018
0.260168 0.012194
0.760660 0.034575
0.338835 0.017306
0.525524 0.019642
0.132301 0.006280
0.477710 0.017506
0.767982 0.032675
0.117885 0.005585
0.203534 0.013742
0.085834 0.003866
0.088210 0.005542
0.263567 0.013510
0.077544 0.004819
0.338028 0.016514
0.027023 0.001857
0.314435 0.013216
0.414709 0.017436
0.265326 0.012491
0.103655 0.004368
0.554970 0.016055
0.248163 0.012597
0.125773 0.005703
0.057593 0.003251
0.161432 0.009400
0.048219 0.004164
0.219555 0.007573
0.665987 0.025197
0.162418 0.007699
0.846667 0.036866
0.226283 0.011678
0.347846 0.015081
0.046489 0.002996
0.061988 0.003456
0.119901 0.006838
0.279552 0.011592
0.221952 0.009442
0.371432 0.018363
0.067127 0.005813
0.173444 0.009614
0.198923 0.009704
0.336631 0.015565
0.086665 0.003937
0.183208 0.011146
0.190683 0.007886
0.363003 0.019830
0.813778 0.022750
0.095157 0.007387
0.261308 0.014662
0.064705 0.004275
0.284534 0.012177
0.506763 0.021532
0.111971 0.007826
0.458188 0.016525
0.124061 0.012729
0.118507 0.005787
0.522103 0.026347
0.042127 0.003555
0.136237 0.005933
0.025889 0.002580
0.089242 0.008909
0.089689 0.004608
0.387645 0.014393
0.061265 0.002936
0.323027 0.015177
0.026143 0.001010
0.280224 0.012655
0.030285 0.001375
0.265115 0.013588
0.238305 0.014428
