0.088590 0.005388
0.069262 0.004452
0.229167 0.012870
0.149872 0.010480
0.477312 0.019020
0.155169 0.007989
1.438397 0.030279
0.165990 0.010900
0.417698 0.015317
0.390318 0.022102
0.404507 0.022829
0.600033 0.024704
0.293067 0.021533
0.341056 0.015754
0.359789 0.015621
0.295312 0.014487
0.596839 0.021199
0.218796 0.010698
0.245316 0.016165
0.288102 0.013757
0.338920 0.019602
0.423914 0.016387
0.513075 0.020859
0.606303 0.021737
0.224823 0.012350
0.521158 0.020079
0.144602 0.005085
0.648499 0.020331
0.099878 0.005096
0.648464 0.024107
0.261820 0.014582
0.367800 0.016644
0.373648 0.015681
0.564955 0.017950
0.400852 0.022721
0.401926 0.019129
0.143838 0.007102
0.225431 0.012302
0.472112 0.018447
0.048286 0.002632
0.179113 0.015222
0.120669 0.007075
0.238600 0.012800
0.294767 0.015632
0.335466 0.014919
0.371634 0.015978
0.570868 0.019479
0.049139 0.002623
0.721984 0.021635
0.309203 0.018709
0.256355 0.013492
0.197939 0.006949
0.325470 0.019006
0.341268 0.015301
0.203275 0.007177
0.173558 0.012228
0.184320 0.008155
0.067881 0.004349
0.320627 0.018120
0.463510 0.031683
0.362904 0.020719
0.296293 0.014623
0.129018 0.005708
0.195162 0.007667
0.032991 0.001689
0.215564 0.011256
0.236415 0.014298
0.483590 0.017137
0.141813 0.006527
0.364935 0.018616
0.129031 0.007240
0.246436 0.012873
0.110956 0.005489
0.286062 0.014035
0.206853 0.009004
0.107412 0.005863
0.077229 0.004877
0.513854 0.025035
0.115608 0.006270
0.165182 0.006962
0.548351 0.020703
0.031815 0.001731
0.265414 0.014798
0.260486 0.015764
0.430376 0.018596
0.111255 0.005808
0.524014 0.025052
0.364778 0.012421
0.073903 0.004530
0.442660 0.019028
0.320077 0.014192
0.372310 0.020439
0.137872 0.006948
0.231210 0.010656
0.084884 0.005248
0.244080 0.013860
0.315264 0.017557
0.215009 0.012459
0.328607 0.018880
0.483706 0.017083
0.306358 0.015137
0.309250 0.014379
0.362892 0.017422
0.453233 0.015703
0.017913 0.001074
0.379866 0.016503
0.317157 0.009963
0.706062 0.017361
0.248774 0.013283
0.106770 0.006131
0.170000 0.007998
0.120779 0.005856
0.507713 0.022500
0.017434 0.001144
0.285480 0.014320
0.198093 0.010853
0.070279 0.004392
0.288646 0.013965
0.169236 0.010894
0.332923 0.018000
0.239785 0.012648
0.017505 0.000973
0.248308 0.019477
0.297552 0.013833
0.130825 0.008387
0.315599 0.015000
0.181904 0.012237
0.151242 0.007700
0.587912 0.018538
0.483715 0.016624
0.078571 0.004508
0.020709 0.001048
0.109136 0.006180
0.318848 0.025844
0.244861 0.013825
0.484745 0.016069
0.216521 0.012985
0.320901 0.020240
0.362273 0.022078
0.325418 0.023564
0.607727 0.020936
0.341221 0.016613
0.207271 0.010257
0.399423 0.019029
0.426509 0.015306
0.075144 0.003699
0.557395 0.029622
0.243187 0.011108
0.097010 0.004255
0.333107 0.013464
0.172672 0.010609
0.576994 0.038382
0.063645 0.003771
0.204475 0.011712
0.116137 0.006532
0.212411 0.011026
0.051981 0.004470
0.572568 0.019407
0.281289 0.012787
0.072328 0.005344
0.353407 0.014037
1.351709 0.040553
0.113094 0.006092
0.187191 0.009986
0.070287 0.003917
0.460880 0.014363
0.226093 0.013288
0.110204 0.005969
0.222424 0.013092
0.273175 0.014107
0.197539 0.006809
0.526656 0.013656
0.189341 0.010264
0.211929 0.007600
0.330516 0.016143
0.249717 0.014902
0.219571 0.009866
0.348552 0.014479
0.702249 0.040769
0.453392 0.016938
0.342791 0.016744
0.124209 0.007890
0.284605 0.018283
0.281830 0.015294
0.024982 0.001293
0.133979 0.007210
0.225776 0.013857
0.023181 0.001183
0.227742 0.010564
0.382276 0.014328
0.538485 0.019545
0.024272 0.001289
0.190713 0.009339
0.629441 0.041366
0.211322 0.011570
0.168189 0.008881
0.187686 0.010204
0.547080 0.030752
0.217212 0.010111
0.027739 0.001549
0.208687 0.011031
0.448562 0.016545
0.120647 0.006085
0.021696 0.001389
0.020196 0.001250
0.209156 0.012316
0.379255 0.013215
0.192445 0.009834
0.150089 0.007908
0.206134 0.021524
0.186906 0.008710
0.473700 0.016512
0.279520 0.016451
0.226746 0.011365
0.491918 0.016875
0.533175 0.012270
0.470597 0.016132
0.360762 0.022417
0.143129 0.009305
0.404599 0.017956
0.019299 0.001477
0.112995 0.005973
0.031333 0.001595
0.161643 0.008477
0.334293 0.018325
0.311315 0.010726
0.140607 0.006019
0.146855 0.007580
0.220865 0.009466
0.308845 0.015126
0.289314 0.021144
0.140112 0.008481
0.447425 0.020137
0.157548 0.010000
0.091435 0.005179
0.392171 0.020286
0.240876 0.009960
0.452353 0.019105
0.926837 0.026134
0.348092 0.015472
0.733006 0.024873
1.106580 0.027394
0.349456 0.022721
0.174406 0.009386
0.303513 0.016440
0.021012 0.001333
0.547726 0.026173
0.213385 0.014580
0.353239 0.019634
0.107532 0.007578
0.023022 0.001400
0.024751 0.001394
0.235000 0.013213
0.026775 0.001422
0.344840 0.010319
0.279047 0.014402
0.179249 0.009084
0.015473 0.001121
0.344720 0.017397
0.325792 0.011184
0.018376 0.001002
0.149892 0.010201
0.166416 0.010226
0.354693 0.018827
0.142525 0.008537
0.183374 0.011793
0.318552 0.016345
0.020988 0.001126
0.023897 0.001219
0.402962 0.017559
0.515505 0.020213
0.015835 0.000934
0.018268 0.001259
0.150329 0.010313
0.190487 0.010609
0.078173 0.003752
0.456433 0.016454
0.179636 0.009234
0.156716 0.008630
0.285985 0.017057
0.071579 0.004058
0.312173 0.013198
0.140477 0.009327
0.093567 0.005725
0.056637 0.004102
0.103121 0.006206
0.540629 0.017775
0.067099 0.004101
0.214003 0.011959
0.126289 0.009178
0.093140 0.005344
0.417694 0.015019
0.220781 0.012807
0.290631 0.013207
0.120722 0.003774
0.378449 0.013170
0.077065 0.004497
0.192114 0.013333
0.036054 0.002015
0.078330 0.002826
0.037030 0.002580
0.065974 0.003332
0.168866 0.010735
0.171724 0.008299
0.642599 0.019851
0.503267 0.023927
0.186481 0.011472
0.295020 0.014141
0.368223 0.018223
0.553195 0.029295
0.383471 0.015579
0.276424 0.015011
0.266355 0.012241
0.467526 0.016352
0.033853 0.002063
0.167985 0.006886
0.428066 0.021601
0.208163 0.011230
0.036119 0.001961
0.579416 0.014090
0.500345 0.020053
0.133086 0.006654
0.075681 0.004158
0.386146 0.010134
0.089620 0.004351
0.227211 0.007105
0.198314 0.011326
0.111133 0.006168
0.421912 0.026813
0.244237 0.016126
0.107753 0.006449
0.060889 0.003524
0.186736 0.011719
0.070636 0.003367
0.145264 0.007389
0.057740 0.003788
0.108182 0.006075
0.302943 0.017257
0.051797 0.002108
0.404096 0.019282
0.114957 0.006109
0.084192 0.004985
0.075162 0.004666
0.235741 0.014238
0.177453 0.011515
0.040970 0.002219
0.072435 0.004315
0.193559 0.010740
0.060577 0.003332
0.063524 0.003581
0.517784 0.020914
0.260162 0.015764
0.497561 0.017317
0.334473 0.016768
0.301634 0.014291
0.540654 0.018886
0.278872 0.010762
0.136331 0.008861
0.228655 0.006767
0.070449 0.005102
0.158596 0.009579
0.122618 0.006507
0.074680 0.004729
0.111443 0.006059
0.365441 0.021003
0.251032 0.016388
0.916410 0.023732
0.108771 0.007278
0.765652 0.024689
0.372437 0.021772
0.068670 0.004141
0.544046 0.027328
0.309644 0.016698
0.216832 0.013406
0.080834 0.004557
0.053284 0.003985
0.230391 0.012469
0.201375 0.009730
0.434132 0.012990
0.043240 0.002644
0.573671 0.022052
0.128121 0.010080
0.084433 0.005199
0.128296 0.006795
0.148165 0.007163
0.028116 0.002379
0.335516 0.017098
0.133193 0.006041
0.027824 0.001595
0.145112 0.006557
0.114875 0.005925
0.036848 0.001985
0.478571 0.029394
0.403930 0.015679
0.499367 0.019291
0.324756 0.021629
0.027146 0.002087
0.037901 0.001938
0.163878 0.008622
0.034926 0.001906
0.242222 0.012222
0.308884 0.011584
0.032474 0.001880
0.241367 0.011624
0.646355 0.033224
1.493208 0.049623
0.155994 0.007373
0.204749 0.010273
0.340205 0.016432
0.240221 0.012923
0.510936 0.029404
0.225868 0.015137
0.017833 0.001390
0.030362 0.001779
0.280050 0.017043
0.446146 0.016125
0.337834 0.012927
0.137553 0.008056
0.198374 0.009027
0.248773 0.012834
0.234828 0.011718
0.115968 0.008002
0.257621 0.012826
0.392192 0.012857
0.232098 0.013119
0.349664 0.019496
0.218082 0.013856
0.139544 0.008582
0.305016 0.012048
0.163653 0.009041
0.217707 0.011108
0.177381 0.011705
0.430765 0.020538
0.107407 0.006903
0.288721 0.017728
0.177469 0.009736
0.254380 0.013308
0.131625 0.006987
0.455223 0.024227
0.414065 0.014809
0.166894 0.009942
0.469298 0.018402
0.009278 0.000652
0.011223 0.000596
0.246344 0.011260
0.199581 0.013253
0.147148 0.007875
0.209959 0.009932
0.271543 0.019938
0.204016 0.013607
0.356657 0.019635
0.211115 0.012056
0.509958 0.029198
0.267468 0.011768
0.235934 0.012839
0.261129 0.017428
0.210381 0.010822
0.400772 0.021009
0.456159 0.025290
0.166177 0.009786
0.515291 0.022630
0.346223 0.017078
0.112369 0.005184
0.316018 0.013423
0.419886 0.017114
0.046812 0.003542
0.638732 0.034293
0.102223 0.006524
0.169396 0.009049
0.380952 0.019860
1.276042 0.034417
0.065639 0.003513
0.258697 0.008462
0.525662 0.031279
0.177270 0.009082
0.253978 0.012993
0.275051 0.012551
0.268834 0.015493
0.335621 0.014615
0.290898 0.016407
0.157954 0.009826
0.346011 0.019715
0.205232 0.013475
0.062208 0.003998
0.101802 0.005021
0.798594 0.021830
0.619820 0.023093
0.275777 0.015986
0.145907 0.009423
0.164011 0.011868
0.432901 0.015700
0.098143 0.005090
0.311264 0.016276
0.301528 0.010329
0.327654 0.015062
0.281116 0.016093
0.467419 0.014391
0.197607 0.010752
0.172878 0.004826
0.223119 0.013662
0.306083 0.015602
0.309134 0.017228
0.265692 0.013972
0.123016 0.006847
0.198124 0.011289
0.251937 0.010641
0.411243 0.014453
0.067809 0.004244
0.108323 0.009375
0.442635 0.020652
0.142058 0.007315
0.324770 0.012171
0.063910 0.003632
0.798750 0.020144
0.244131 0.016625
0.196663 0.007782
0.254227 0.016232
0.152947 0.006911
0.226881 0.011966
0.354237 0.014237
0.174771 0.011013
0.344674 0.014349
0.049914 0.002944
0.400031 0.021498
0.107188 0.005205
0.064836 0.003541
0.063075 0.003620
0.164647 0.009402
0.179243 0.009670
0.191667 0.008345
0.286455 0.016268
0.171783 0.007753
0.131795 0.007425
0.080703 0.005729
0.236534 0.013725
0.781732 0.022709
0.074125 0.004495
0.100479 0.006640
0.038608 0.002049
0.332138 0.013903
0.050077 0.003085
0.311546 0.014618
0.064043 0.004187
0.348965 0.013974
0.133970 0.005773
0.143222 0.008988
0.151532 0.009697
0.287274 0.008950
0.203660 0.011220
0.553677 0.021253
0.553514 0.036108
0.122871 0.007400
0.160882 0.006908
0.077857 0.005310
0.031779 0.001723
0.327677 0.014528
0.513069 0.014427
0.241723 0.017050
0.074748 0.004054
0.376301 0.012398
0.175956 0.012004
0.666877 0.023393
0.334281 0.021438
0.175122 0.013069
0.090560 0.005168
0.128755 0.005680
0.026824 0.001637
0.385610 0.014080
0.341364 0.020667
0.027771 0.001589
0.194866 0.008949
0.340019 0.013926
0.258301 0.012609
0.627341 0.028968
0.124132 0.006481
0.215563 0.011765
0.710382 0.018652
0.372452 0.019504
0.297764 0.017002
0.369661 0.016629
0.271439 0.013421
0.286026 0.013438
0.406189 0.015108
0.233941 0.010815
0.277488 0.015922
0.112652 0.007075
0.147408 0.009222
0.282914 0.013733
0.127000 0.007219
0.238194 0.013710
0.056353 0.004515
0.160087 0.009869
0.526912 0.022000
0.243201 0.017249
0.232487 0.012078
0.317682 0.018544
0.159275 0.007523
0.178926 0.007282
0.481973 0.023980
0.194925 0.009067
0.017231 0.001355
0.155942 0.006752
0.214848 0.011807
0.227871 0.012027
0.169358 0.011711
0.039861 0.002208
0.162026 0.007897
0.111468 0.006482
0.210891 0.011378
0.031068 0.001610
0.022195 0.001182
0.149628 0.008808
0.050674 0.003903
0.031206 0.001679
0.058658 0.004200
0.252923 0.015055
0.159171 0.008990
0.080695 0.005091
0.034805 0.001864
0.157210 0.009009
0.024145 0.001315
0.371981 0.021393
0.433399 0.016645
0.099687 0.005375
0.026814 0.001376
0.121472 0.006444
0.297897 0.015794
1.752148 0.053893
0.137572 0.006707
0.136162 0.006885
0.487234 0.022249
0.249475 0.008870
0.383268 0.017805
0.238663 0.013164
0.121119 0.010817
0.916711 0.046842
0.186533 0.005930
0.107053 0.006560
0.498687 0.015103
0.367481 0.014485
0.518578 0.032990
0.200590 0.008892
0.492320 0.017500
0.261701 0.014344
0.104906 0.006137
0.286502 0.015695
0.238730 0.012348
0.302815 0.012324
0.244884 0.014442
0.251823 0.013289
0.348352 0.014120
0.263463 0.015000
0.096773 0.007284
0.166554 0.009138
0.170647 0.009107
0.335318 0.015092
0.541137 0.017124
0.301061 0.018117
0.115606 0.006819
0.166636 0.007444
1.000288 0.051223
0.102343 0.005610
2.618810 0.066429
0.157551 0.005691
0.163906 0.009785
0.147262 0.008995
0.484468 0.019584
0.077740 0.005119
0.212521 0.014188
0.295726 0.014683
0.173987 0.014009
0.063703 0.003448
0.634618 0.026076
0.360263 0.022303
0.843050 0.048865
0.033642 0.001815
0.266245 0.014157
0.245645 0.011353
0.446510 0.021261
0.124338 0.007017
0.421041 0.022271
0.209226 0.013891
0.034469 0.001894
0.627594 0.027744
0.025716 0.001563
0.464508 0.016915
0.061575 0.003185
0.265049 0.013821
0.480493 0.023651
0.376980 0.014882
0.151523 0.009060
0.151526 0.008041
0.763695 0.019330
0.151144 0.007585
0.149079 0.010397
0.126230 0.007904
0.274329 0.014228
0.137386 0.007429
0.251167 0.012491
0.354915 0.019773
0.018983 0.001792
0.182151 0.008900
0.149929 0.004415
0.579178 0.018662
0.473923 0.023151
0.135764 0.007005
0.298113 0.014990
0.274742 0.009070
0.300473 0.013845
0.427240 0.014158
0.178992 0.009186
0.131788 0.007266
0.401978 0.019539
0.127629 0.007674
0.426230 0.019918
0.251930 0.014251
0.441944 0.016432
0.328950 0.018294
0.020666 0.001026
0.101119 0.005921
0.163329 0.008661
0.472099 0.018042
0.109539 0.006667
0.381364 0.016795
0.506840 0.017035
0.213809 0.010069
0.216762 0.013065
0.360994 0.015172
0.453967 0.018005
0.528178 0.017904
0.013649 0.000808
0.059327 0.004416
0.180681 0.009915
0.202402 0.012153
0.939905 0.020499
0.096715 0.005777
0.249731 0.011048
0.158942 0.010506
0.196874 0.007557
0.348659 0.016500
0.101223 0.006195
0.192177 0.009485
0.464010 0.012979
0.073621 0.003626
0.216490 0.012960
0.169192 0.009913
0.103078 0.005330
0.141750 0.011923
0.392711 0.015010
0.237355 0.012736
0.250000 0.014679
0.072068 0.003562
0.276047 0.016023
0.221620 0.012957
0.066724 0.003738
0.322439 0.015920
0.210662 0.010169
0.128549 0.011824
0.051622 0.002790
0.029681 0.001993
0.152752 0.011529
0.151827 0.010378
0.168725 0.008914
0.143159 0.009241
0.381405 0.014214
0.287947 0.009439
0.556716 0.026940
0.029597 0.001591
0.192771 0.014026
0.090631 0.008737
0.223918 0.011623
0.258913 0.014755
0.218812 0.012614
0.043089 0.002338
0.045450 0.003225
0.218356 0.013426
0.075442 0.004356
0.012849 0.000737
0.285267 0.014198
0.148854 0.007623
0.293060 0.017114
0.168859 0.009457
0.086104 0.005040
0.248767 0.013857
0.062019 0.003898
0.048842 0.002652
0.250311 0.018277
0.506381 0.016569
0.048001 0.004210
0.011268 0.000611
0.151915 0.007617
0.161490 0.009771
0.045347 0.002438
0.780111 0.039611
0.407262 0.015238
0.549393 0.018411
0.101973 0.004840
0.250853 0.017493
0.317457 0.015630
0.233475 0.009920
0.272338 0.015926
0.033422 0.002151
0.086204 0.003559
0.030390 0.001656
0.190347 0.005538
0.146050 0.007662
0.039861 0.002131
0.134423 0.009268
0.081281 0.004197
0.070168 0.003529
0.143184 0.007984
0.028116 0.001550
0.032247 0.002007
0.173254 0.005725
0.093803 0.007418
0.094286 0.005424
0.066564 0.004854
0.225760 0.012964
0.412785 0.014159
0.070873 0.003870
0.178963 0.008780
0.071051 0.005697
0.056716 0.002929
0.100832 0.005382
0.424602 0.015418
0.225620 0.012234
0.141467 0.007816
0.374923 0.012222
0.013226 0.000609
0.506500 0.015000
0.088297 0.003312
0.144650 0.007010
0.282417 0.016351
0.150700 0.008396
0.126100 0.007710
0.277549 0.015184
0.238289 0.013992
0.256315 0.009120
0.078745 0.003294
0.349132 0.015900
0.237625 0.013314
0.140457 0.007628
0.332101 0.015336
0.081227 0.005137
0.007822 0.000440
0.206982 0.011542
0.295142 0.013085
0.068081 0.004189
0.242131 0.017678
0.107826 0.004752
0.295516 0.015785
0.245456 0.012701
0.235200 0.011520
0.089623 0.004751
0.060206 0.002746
0.196486 0.015047
0.168980 0.008571
0.487859 0.020958
0.417890 0.027975
0.201512 0.007030
0.270155 0.015332
0.345293 0.018015
0.210706 0.014525
0.175332 0.010363
0.830334 0.019020
0.015606 0.001069
0.404338 0.012743
0.373790 0.020408
0.070109 0.004140
0.038617 0.002218
0.189003 0.009313
0.328357 0.017126
0.486610 0.024305
0.162225 0.007743
0.269487 0.015967
0.196431 0.009180
0.015168 0.000772
0.222810 0.014553
0.325621 0.020059
0.321201 0.013752
0.345957 0.015891
0.593324 0.022197
0.187808 0.011467
0.188615 0.011486
0.140425 0.009163
0.213093 0.013794
0.233221 0.014295
0.217609 0.013950
0.127593 0.006013
0.032926 0.001658
0.115442 0.006584
0.151250 0.008577
0.035953 0.002159
0.211738 0.011169
0.191660 0.009585
0.868580 0.042604
0.324892 0.017036
0.142743 0.009486
0.079313 0.004363
1.086765 0.038186
0.153349 0.006974
0.428972 0.018596
0.056948 0.003411
0.114676 0.005963
0.122937 0.010048
0.656050 0.022045
0.195642 0.014702
0.323341 0.016076
0.214125 0.012966
0.481103 0.018345
0.196841 0.010507
0.176342 0.010691
0.153926 0.009926
0.192507 0.010463
0.310056 0.013853
0.125483 0.005987
0.184170 0.007915
0.098614 0.006229
0.290474 0.014722
0.040452 0.002133
0.142397 0.007658
0.183058 0.009010
0.240127 0.014409
0.191000 0.012750
0.268455 0.019009
0.023498 0.001693
0.063613 0.004794
0.588673 0.019410
0.251043 0.014192
0.363333 0.014921
0.534263 0.018111
0.212630 0.011709
0.683255 0.033868
0.279927 0.016626
0.547238 0.019795
0.105121 0.005986
0.489252 0.017574
0.843246 0.033289
0.101092 0.005415
0.236091 0.014200
0.070242 0.003714
0.101388 0.005706
0.219905 0.013017
0.079530 0.004840
0.286009 0.015963
0.028482 0.001879
0.328357 0.013322
0.439627 0.017622
0.225223 0.012079
0.089661 0.004246
0.558619 0.016075
0.217527 0.012261
0.101352 0.005462
0.061251 0.003293
0.173247 0.009536
0.052817 0.004259
0.237282 0.007679
0.667862 0.025230
0.130721 0.007370
0.667861 0.035174
0.184868 0.011201
0.341341 0.015020
0.047925 0.003014
0.050798 0.003312
0.097559 0.006551
0.243462 0.011283
0.192915 0.009189
0.303555 0.017621
0.074282 0.005955
0.191157 0.009807
0.165397 0.009341
0.282623 0.015032
0.073969 0.003818
0.207038 0.011424
0.162124 0.007645
0.318839 0.019292
0.866417 0.023000
0.110732 0.007631
0.288544 0.014979
0.073402 0.004390
0.283077 0.012160
0.525347 0.021705
0.127037 0.008041
0.372004 0.015885
0.148996 0.013297
0.131701 0.005907
0.438044 0.025424
0.048119 0.003664
0.109936 0.005685
0.039158 0.002843
0.103803 0.009242
0.074005 0.004433
0.403308 0.014486
0.052332 0.002843
0.263841 0.014572
0.026090 0.001008
0.236793 0.012241
0.025230 0.001326
0.223111 0.013111
0.241229 0.014470
