111.800000 6.800000
104.240000 6.700000
123.750000 6.950000
93.670000 6.550000
189.970000 7.570000
138.100000 7.110000
412.820000 8.690000
101.420000 6.660000
210.520000 7.720000
122.560000 6.940000
122.970000 6.940000
182.410000 7.510000
87.920000 6.460000
158.250000 7.310000
170.900000 7.420000
146.770000 7.200000
219.040000 7.780000
147.250000 7.200000
101.070000 6.660000
151.830000 7.250000
119.300000 6.900000
197.120000 7.620000
185.220000 7.530000
216.450000 7.760000
127.250000 6.990000
198.040000 7.630000
221.530000 7.790000
254.860000 7.990000
139.730000 7.130000
206.860000 7.690000
125.150000 6.970000
162.200000 7.340000
178.230000 7.480000
250.840000 7.970000
122.260000 6.930000
152.330000 7.250000
145.420000 7.180000
128.270000 7.000000
194.510000 7.600000
128.440000 7.000000
72.720000 6.180000
117.170000 6.870000
131.230000 7.040000
132.940000 7.050000
165.720000 7.370000
172.810000 7.430000
230.060000 7.850000
131.890000 7.040000
269.300000 8.070000
112.550000 6.810000
134.330000 7.070000
221.890000 7.790000
117.820000 6.880000
164.150000 7.360000
220.350000 7.780000
92.680000 6.530000
166.810000 7.380000
104.740000 6.710000
122.800000 6.940000
96.410000 6.590000
121.210000 6.920000
145.480000 7.180000
166.820000 7.380000
193.210000 7.590000
139.090000 7.120000
135.590000 7.080000
112.770000 6.820000
219.550000 7.780000
158.830000 7.310000
139.770000 7.130000
123.870000 6.950000
135.540000 7.080000
145.130000 7.180000
146.750000 7.200000
170.240000 7.410000
128.250000 7.000000
106.730000 6.740000
147.990000 7.210000
129.250000 7.010000
177.240000 7.470000
202.890000 7.660000
128.850000 7.010000
125.010000 6.970000
112.530000 6.810000
171.720000 7.420000
135.620000 7.080000
151.440000 7.240000
230.540000 7.850000
110.780000 6.790000
173.080000 7.440000
166.440000 7.380000
127.330000 6.990000
141.870000 7.150000
158.610000 7.310000
109.500000 6.770000
122.040000 6.930000
125.160000 6.970000
118.900000 6.890000
120.270000 6.910000
220.570000 7.790000
145.520000 7.190000
156.790000 7.290000
150.600000 7.230000
225.710000 7.820000
113.910000 6.830000
170.560000 7.410000
254.360000 7.990000
342.440000 8.420000
131.850000 7.040000
120.330000 6.910000
154.530000 7.270000
148.920000 7.220000
166.530000 7.380000
101.660000 6.670000
142.740000 7.160000
127.770000 7.000000
108.160000 6.760000
149.230000 7.220000
104.080000 6.700000
129.840000 7.020000
134.040000 7.070000
125.350000 6.970000
80.700000 6.330000
156.810000 7.290000
104.660000 6.710000
152.750000 7.260000
98.410000 6.620000
140.050000 7.130000
253.390000 7.990000
227.830000 7.830000
120.450000 6.910000
141.150000 7.140000
122.560000 6.940000
77.480000 6.280000
122.920000 6.940000
238.010000 7.890000
113.890000 6.830000
106.860000 6.740000
111.580000 6.800000
89.490000 6.480000
227.290000 7.830000
148.090000 7.210000
145.090000 7.180000
152.180000 7.250000
216.240000 7.760000
146.080000 7.190000
132.660000 7.050000
160.260000 7.320000
168.700000 7.400000
186.540000 7.540000
110.510000 6.790000
99.820000 6.640000
115.770000 6.860000
120.640000 6.910000
123.570000 6.950000
136.580000 7.090000
71.630000 6.160000
231.890000 7.860000
161.460000 7.340000
87.300000 6.450000
190.840000 7.580000
268.990000 8.070000
130.510000 7.030000
131.970000 7.040000
124.900000 6.960000
256.710000 8.000000
116.890000 6.870000
129.600000 7.020000
116.550000 6.860000
137.680000 7.110000
227.170000 7.830000
321.260000 8.330000
129.320000 7.010000
216.380000 7.760000
147.410000 7.200000
114.620000 6.840000
163.800000 7.360000
180.550000 7.500000
118.680000 6.890000
205.840000 7.690000
147.400000 7.200000
105.950000 6.730000
104.450000 6.710000
129.360000 7.020000
137.200000 7.100000
130.630000 7.030000
110.630000 6.790000
139.710000 7.130000
157.370000 7.300000
204.900000 7.680000
213.240000 7.740000
132.720000 7.050000
147.040000 7.200000
101.340000 6.660000
127.850000 7.000000
133.710000 7.060000
128.940000 7.010000
123.640000 6.950000
156.610000 7.290000
124.630000 6.960000
133.560000 7.060000
209.030000 7.710000
141.760000 7.150000
104.790000 6.710000
109.380000 6.770000
116.500000 6.860000
224.140000 7.810000
139.330000 7.120000
134.180000 7.070000
55.450000 5.790000
156.440000 7.290000
224.060000 7.810000
116.560000 6.860000
142.850000 7.160000
228.250000 7.830000
371.090000 8.540000
228.710000 7.840000
108.950000 6.770000
102.910000 6.690000
166.290000 7.380000
83.370000 6.380000
133.560000 7.060000
140.090000 7.130000
134.810000 7.070000
127.700000 7.000000
227.260000 7.830000
173.790000 7.440000
137.750000 7.110000
173.600000 7.440000
147.010000 7.200000
88.530000 6.470000
112.510000 6.810000
163.310000 7.350000
106.030000 6.730000
122.340000 6.930000
137.260000 7.100000
181.380000 7.500000
176.870000 7.470000
290.100000 8.180000
166.040000 7.380000
231.630000 7.860000
339.720000 8.410000
102.740000 6.680000
130.630000 7.030000
129.600000 7.020000
106.070000 6.730000
151.720000 7.250000
96.450000 6.590000
125.400000 6.970000
92.800000 6.540000
111.980000 6.810000
123.410000 6.950000
123.610000 6.950000
132.750000 7.050000
270.010000 8.080000
137.570000 7.100000
140.890000 7.140000
89.450000 6.480000
141.680000 7.150000
228.380000 7.840000
128.540000 7.010000
96.980000 6.600000
110.500000 6.790000
133.010000 7.060000
114.020000 6.830000
104.340000 6.710000
138.570000 7.110000
131.220000 7.040000
139.560000 7.120000
170.050000 7.410000
193.830000 7.600000
116.340000 6.860000
95.320000 6.570000
96.060000 6.590000
125.150000 6.970000
150.640000 7.230000
214.980000 7.750000
138.320000 7.110000
126.940000 6.990000
114.680000 6.840000
122.400000 6.940000
176.690000 7.470000
100.160000 6.650000
110.970000 6.790000
89.600000 6.490000
113.330000 6.820000
240.580000 7.910000
111.250000 6.800000
124.550000 6.960000
89.160000 6.480000
120.430000 6.910000
215.530000 7.750000
118.780000 6.890000
161.300000 7.330000
255.930000 8.000000
224.420000 7.810000
117.910000 6.880000
94.520000 6.560000
124.530000 6.960000
214.780000 7.750000
94.020000 6.550000
141.580000 7.150000
105.710000 6.720000
149.400000 7.220000
259.610000 8.020000
152.490000 7.250000
110.210000 6.780000
151.050000 7.240000
145.080000 7.180000
133.320000 7.060000
185.600000 7.540000
129.090000 7.010000
159.280000 7.320000
223.010000 7.800000
111.580000 6.800000
183.440000 7.520000
141.690000 7.150000
130.310000 7.030000
129.090000 7.010000
347.070000 8.440000
188.630000 7.560000
143.200000 7.160000
127.220000 6.990000
316.640000 8.310000
148.500000 7.210000
255.840000 8.000000
121.170000 6.920000
125.580000 6.970000
105.900000 6.730000
100.870000 6.660000
114.110000 6.830000
119.220000 6.900000
107.560000 6.750000
152.080000 7.250000
140.180000 7.130000
101.680000 6.670000
123.760000 6.950000
121.480000 6.920000
185.020000 7.530000
151.940000 7.250000
132.660000 7.050000
115.680000 6.850000
109.060000 6.770000
112.920000 6.820000
103.100000 6.690000
129.630000 7.020000
114.810000 6.840000
125.620000 6.970000
127.090000 6.990000
123.300000 6.950000
186.920000 7.550000
112.390000 6.810000
224.400000 7.810000
142.820000 7.160000
153.230000 7.260000
223.290000 7.800000
197.720000 7.630000
102.930000 6.690000
273.700000 8.100000
89.470000 6.480000
112.920000 6.820000
133.040000 7.060000
106.270000 6.730000
128.940000 7.010000
120.230000 6.910000
102.170000 6.670000
321.660000 8.330000
99.090000 6.630000
246.540000 7.950000
117.690000 6.880000
113.100000 6.820000
142.540000 7.160000
130.360000 7.030000
109.500000 6.770000
123.110000 6.940000
85.840000 6.420000
129.710000 7.020000
149.420000 7.220000
270.030000 8.080000
111.040000 6.790000
198.490000 7.630000
80.460000 6.330000
110.100000 6.780000
133.300000 7.060000
149.350000 7.220000
73.270000 6.200000
139.910000 7.130000
161.830000 7.340000
120.730000 6.920000
162.670000 7.350000
137.850000 7.110000
130.480000 7.030000
110.550000 6.790000
196.310000 7.620000
197.250000 7.620000
99.700000 6.640000
82.850000 6.370000
139.210000 7.120000
134.380000 7.070000
128.250000 7.000000
141.700000 7.150000
204.790000 7.680000
119.180000 6.900000
150.130000 7.230000
138.320000 7.110000
237.420000 7.890000
153.810000 7.270000
142.710000 7.160000
149.690000 7.230000
130.680000 7.030000
120.070000 6.910000
98.930000 6.630000
81.460000 6.350000
117.410000 6.880000
111.740000 6.800000
214.150000 7.740000
199.660000 7.640000
117.470000 6.880000
161.080000 7.330000
137.820000 7.110000
143.480000 7.160000
95.210000 6.570000
144.010000 7.170000
241.590000 7.920000
122.780000 6.940000
124.830000 6.960000
105.770000 6.720000
110.240000 6.780000
192.160000 7.590000
126.340000 6.980000
139.550000 7.120000
100.930000 6.660000
152.060000 7.250000
104.400000 6.710000
110.580000 6.790000
127.600000 7.000000
135.330000 7.080000
132.810000 7.050000
132.470000 7.050000
216.970000 7.760000
114.990000 6.850000
193.820000 7.600000
93.070000 6.540000
133.040000 7.060000
160.370000 7.330000
99.990000 6.640000
131.550000 7.040000
153.480000 7.260000
87.980000 6.460000
99.560000 6.640000
126.970000 6.990000
121.180000 6.920000
120.860000 6.920000
167.970000 7.390000
128.820000 7.010000
99.490000 6.640000
138.220000 7.110000
135.060000 7.080000
125.900000 6.980000
116.490000 6.860000
168.500000 7.400000
145.760000 7.190000
158.440000 7.310000
175.390000 7.450000
184.750000 7.530000
84.590000 6.400000
130.940000 7.030000
105.290000 6.720000
131.790000 7.040000
136.000000 7.090000
306.250000 8.260000
131.540000 7.040000
242.140000 7.920000
115.120000 6.850000
138.980000 7.120000
139.180000 7.120000
160.630000 7.330000
119.900000 6.910000
170.160000 7.410000
123.050000 6.940000
108.830000 6.770000
121.450000 6.920000
101.590000 6.670000
104.260000 6.700000
145.780000 7.190000
301.070000 8.230000
206.400000 7.690000
118.860000 6.890000
103.740000 6.700000
89.550000 6.480000
213.420000 7.740000
136.910000 7.100000
135.400000 7.080000
228.860000 7.840000
159.240000 7.320000
120.880000 6.920000
260.820000 8.030000
128.840000 7.010000
293.720000 8.200000
110.890000 6.790000
139.880000 7.130000
124.890000 6.960000
134.440000 7.070000
125.230000 6.970000
121.450000 6.920000
176.860000 7.470000
221.660000 7.790000
108.020000 6.760000
71.060000 6.150000
156.250000 7.290000
138.080000 7.110000
204.930000 7.680000
121.940000 6.930000
332.280000 8.380000
96.920000 6.600000
191.550000 7.580000
105.250000 6.720000
162.430000 7.340000
133.860000 7.060000
188.100000 7.560000
106.960000 6.740000
179.920000 7.490000
116.300000 6.860000
130.810000 7.030000
148.670000 7.220000
128.180000 7.000000
120.410000 6.910000
121.180000 6.920000
130.310000 7.030000
170.200000 7.410000
122.030000 6.930000
162.850000 7.350000
123.360000 6.950000
91.840000 6.520000
118.740000 6.890000
279.860000 8.130000
112.300000 6.810000
100.780000 6.660000
132.850000 7.050000
178.690000 7.480000
110.070000 6.780000
155.150000 7.280000
102.020000 6.670000
188.790000 7.560000
172.420000 7.430000
107.560000 6.750000
104.860000 6.710000
257.110000 8.010000
126.880000 6.990000
198.770000 7.630000
102.400000 6.680000
113.410000 6.830000
173.270000 7.440000
96.620000 6.590000
129.500000 7.020000
166.460000 7.380000
290.910000 8.180000
92.580000 6.530000
129.240000 7.010000
240.080000 7.910000
96.600000 6.590000
222.070000 7.790000
104.630000 6.710000
86.160000 6.430000
121.260000 6.920000
167.510000 7.390000
111.400000 6.800000
211.700000 7.730000
112.650000 6.820000
120.970000 6.920000
159.400000 7.320000
183.610000 7.520000
147.490000 7.200000
158.090000 7.300000
135.800000 7.090000
128.260000 7.000000
316.120000 8.300000
135.200000 7.080000
121.190000 6.920000
163.390000 7.350000
145.220000 7.180000
154.740000 7.270000
206.750000 7.690000
157.910000 7.300000
120.430000 6.910000
107.470000 6.750000
108.050000 6.760000
148.530000 7.210000
121.920000 6.930000
120.050000 6.910000
78.500000 6.290000
109.980000 6.780000
179.150000 7.480000
91.930000 6.520000
136.470000 7.090000
117.860000 6.880000
153.700000 7.260000
185.010000 7.530000
144.110000 7.170000
156.720000 7.290000
80.520000 6.330000
171.380000 7.420000
127.190000 6.990000
133.760000 7.060000
95.010000 6.570000
125.800000 6.970000
147.930000 7.210000
118.490000 6.890000
130.120000 7.020000
136.980000 7.100000
132.350000 7.050000
116.710000 6.870000
82.700000 6.370000
130.690000 7.030000
90.920000 6.510000
115.080000 6.850000
122.880000 6.940000
106.840000 6.740000
131.460000 7.040000
120.580000 6.910000
128.670000 7.010000
120.150000 6.910000
198.930000 7.640000
130.390000 7.030000
138.520000 7.110000
132.890000 7.050000
133.160000 7.060000
261.070000 8.030000
147.890000 7.210000
141.200000 7.140000
160.300000 7.320000
218.540000 7.770000
157.140000 7.300000
126.730000 6.990000
68.190000 6.090000
139.340000 7.120000
250.700000 7.970000
110.800000 6.790000
265.800000 8.050000
192.560000 7.590000
105.790000 6.730000
166.490000 7.380000
218.590000 7.770000
127.710000 7.000000
117.600000 6.880000
127.780000 7.000000
137.270000 7.100000
185.020000 7.530000
116.320000 6.860000
133.970000 7.070000
186.020000 7.540000
121.720000 6.930000
85.160000 6.410000
127.580000 7.000000
131.910000 7.040000
163.300000 7.350000
252.170000 7.980000
113.500000 6.830000
116.300000 6.860000
164.970000 7.370000
139.040000 7.120000
127.520000 6.990000
329.970000 8.370000
214.270000 7.740000
114.570000 6.840000
111.330000 6.800000
186.520000 7.540000
101.140000 6.660000
99.460000 6.640000
144.610000 7.180000
78.120000 6.290000
129.700000 7.020000
182.770000 7.510000
109.520000 6.780000
118.870000 6.890000
130.330000 7.030000
132.590000 7.050000
157.950000 7.300000
152.260000 7.250000
122.970000 6.940000
133.470000 7.060000
100.010000 6.640000
127.190000 6.990000
166.940000 7.380000
112.070000 6.810000
212.280000 7.730000
137.250000 7.100000
135.970000 7.090000
146.070000 7.190000
192.260000 7.590000
114.400000 6.840000
133.040000 7.060000
330.680000 8.370000
142.680000 7.160000
93.920000 6.550000
107.800000 6.750000
136.890000 7.100000
129.830000 7.020000
144.170000 7.170000
124.930000 6.960000
63.460000 5.990000
147.360000 7.200000
275.420000 8.110000
246.730000 7.950000
147.390000 7.200000
137.800000 7.110000
142.200000 7.150000
239.300000 7.900000
158.650000 7.310000
238.400000 7.900000
138.540000 7.110000
126.780000 6.990000
148.330000 7.210000
113.590000 6.830000
156.000000 7.290000
122.690000 6.940000
206.830000 7.690000
125.330000 6.970000
144.350000 7.170000
117.500000 6.880000
132.950000 7.050000
200.170000 7.650000
111.730000 6.800000
167.800000 7.390000
234.160000 7.870000
154.370000 7.270000
113.150000 6.820000
177.970000 7.480000
191.120000 7.580000
231.870000 7.860000
115.700000 6.850000
86.380000 6.430000
127.380000 6.990000
113.750000 6.830000
395.700000 8.630000
114.510000 6.840000
166.820000 7.380000
100.610000 6.650000
199.040000 7.640000
153.410000 7.260000
110.940000 6.790000
145.670000 7.190000
292.790000 8.190000
145.990000 7.190000
114.090000 6.830000
117.250000 6.870000
137.300000 7.100000
73.710000 6.200000
199.890000 7.640000
131.020000 7.030000
117.000000 6.870000
145.290000 7.180000
118.700000 6.890000
117.680000 6.880000
124.240000 6.960000
145.420000 7.180000
149.570000 7.220000
65.560000 6.030000
129.880000 7.020000
98.600000 6.620000
84.930000 6.410000
96.410000 6.590000
133.630000 7.060000
103.790000 6.700000
206.340000 7.690000
241.300000 7.910000
149.200000 7.220000
130.790000 7.030000
89.060000 6.480000
61.720000 5.950000
136.590000 7.090000
121.430000 6.920000
119.690000 6.900000
129.180000 7.010000
91.900000 6.520000
110.270000 6.780000
119.500000 6.900000
120.500000 6.910000
144.060000 7.170000
139.030000 7.120000
117.810000 6.880000
124.280000 6.960000
117.360000 6.870000
125.130000 6.970000
107.230000 6.740000
129.090000 7.010000
88.610000 6.470000
242.050000 7.920000
69.890000 6.130000
129.490000 7.020000
142.800000 7.160000
112.720000 6.820000
130.780000 7.030000
140.420000 7.130000
205.260000 7.680000
235.140000 7.880000
152.960000 7.260000
94.070000 6.560000
146.030000 7.190000
175.340000 7.450000
117.650000 6.880000
104.110000 6.700000
181.890000 7.510000
128.430000 7.000000
279.430000 8.130000
134.950000 7.080000
131.660000 7.040000
95.440000 6.580000
137.690000 7.110000
142.160000 7.150000
125.000000 6.970000
126.830000 6.990000
108.640000 6.760000
239.090000 7.900000
79.920000 6.320000
120.120000 6.910000
88.730000 6.470000
120.330000 6.910000
228.270000 7.830000
128.210000 7.000000
146.750000 7.200000
78.440000 6.290000
137.480000 7.100000
132.090000 7.050000
213.150000 7.740000
129.280000 7.010000
126.330000 6.980000
242.950000 7.920000
158.670000 7.310000
273.510000 8.100000
204.760000 7.680000
148.990000 7.220000
119.180000 6.900000
124.930000 6.960000
111.220000 6.800000
127.950000 7.000000
117.000000 6.870000
218.380000 7.770000
178.830000 7.480000
160.950000 7.330000
124.040000 6.950000
129.080000 7.010000
158.080000 7.300000
106.570000 6.740000
123.670000 6.950000
124.810000 6.960000
166.460000 7.380000
110.360000 6.790000
88.620000 6.470000
167.670000 7.390000
131.800000 7.040000
137.210000 7.100000
147.000000 7.200000
133.180000 7.060000
160.690000 7.330000
83.310000 6.380000
140.760000 7.140000
173.190000 7.440000
99.040000 6.630000
223.880000 7.810000
122.110000 6.930000
135.700000 7.080000
95.450000 6.580000
116.070000 6.860000
372.820000 8.540000
96.210000 6.590000
253.520000 7.990000
128.210000 7.000000
116.170000 6.860000
120.330000 6.910000
145.910000 7.190000
135.940000 7.090000
143.550000 7.170000
151.680000 7.240000
115.610000 6.850000
155.770000 7.280000
140.020000 7.130000
102.270000 6.680000
110.060000 6.780000
173.770000 7.440000
159.140000 7.310000
205.290000 7.680000
111.370000 6.800000
111.660000 6.800000
102.370000 6.680000
103.350000 6.690000
110.780000 6.790000
104.670000 6.710000
154.260000 7.270000
142.010000 7.150000
121.330000 6.920000
122.210000 6.930000
113.720000 6.830000
134.030000 7.070000
143.170000 7.160000
146.790000 7.200000
134.830000 7.070000
99.920000 6.640000
127.060000 6.990000
221.700000 7.790000
161.170000 7.330000
171.160000 7.420000
114.180000 6.840000
136.350000 7.090000
76.590000 6.260000
234.210000 7.870000
85.300000 6.410000
144.210000 7.170000
112.630000 6.820000
200.620000 7.650000
132.080000 7.050000
112.330000 6.810000
103.900000 6.700000
128.980000 7.010000
164.950000 7.370000
151.960000 7.250000
173.120000 7.440000
106.700000 6.740000
140.880000 7.140000
134.100000 7.070000
130.720000 7.030000
146.080000 7.190000
113.820000 6.830000
99.320000 6.630000
92.080000 6.520000
90.090000 6.490000
85.050000 6.410000
239.590000 7.900000
122.760000 6.940000
183.120000 7.520000
231.870000 7.860000
126.940000 6.990000
144.850000 7.180000
115.330000 6.850000
213.970000 7.740000
121.520000 6.920000
215.760000 7.750000
192.260000 7.590000
131.420000 7.040000
113.560000 6.830000
133.530000 7.060000
123.490000 6.950000
115.890000 6.860000
111.740000 6.800000
124.700000 6.960000
100.940000 6.660000
185.850000 7.540000
188.600000 7.560000
131.080000 7.030000
153.320000 7.260000
283.220000 8.150000
123.120000 6.940000
130.440000 7.030000
130.770000 7.030000
126.990000 6.990000
78.010000 6.290000
245.350000 7.940000
203.030000 7.670000
123.270000 6.950000
134.240000 7.070000
112.400000 6.810000
167.940000 7.390000
107.160000 6.740000
102.460000 6.680000
98.730000 6.630000
157.520000 7.300000
152.210000 7.250000
118.690000 6.890000
78.590000 6.300000
138.780000 7.120000
122.890000 6.940000
132.550000 7.050000
137.730000 7.110000
126.500000 6.980000
154.180000 7.270000
112.550000 6.810000
311.910000 8.280000
95.340000 6.570000
136.770000 7.100000
114.360000 6.840000
172.960000 7.430000
181.770000 7.510000
106.330000 6.730000
174.470000 7.450000
68.240000 6.090000
164.100000 7.360000
118.710000 6.890000
83.920000 6.390000
137.310000 7.100000
89.240000 6.480000
68.510000 6.100000
114.190000 6.840000
215.770000 7.750000
129.050000 7.010000
126.380000 6.980000
197.160000 7.620000
137.340000 7.100000
134.500000 7.070000
116.910000 6.870000
113.860000 6.830000
