131.890000 7.040000
98.410000 6.620000
135.570000 7.080000
81.860000 6.360000
214.880000 7.750000
156.160000 7.290000
408.020000 8.670000
94.690000 6.570000
193.650000 7.600000
151.850000 7.250000
137.490000 7.100000
176.670000 7.460000
100.030000 6.640000
150.200000 7.230000
161.670000 7.340000
170.710000 7.420000
253.320000 7.980000
169.890000 7.410000
116.520000 6.860000
137.350000 7.100000
129.490000 7.020000
182.750000 7.510000
172.750000 7.430000
211.010000 7.720000
143.610000 7.170000
192.880000 7.590000
218.740000 7.770000
245.860000 7.940000
157.100000 7.300000
237.740000 7.890000
144.440000 7.170000
180.560000 7.500000
168.400000 7.400000
239.350000 7.900000
138.570000 7.110000
139.990000 7.130000
136.010000 7.090000
121.670000 6.930000
174.750000 7.450000
120.130000 6.910000
59.810000 5.900000
134.470000 7.070000
148.010000 7.210000
123.310000 6.950000
162.170000 7.340000
196.710000 7.620000
218.110000 7.770000
147.350000 7.200000
268.140000 8.070000
139.600000 7.130000
127.140000 6.990000
203.300000 7.670000
140.660000 7.140000
161.140000 7.330000
202.930000 7.660000
111.330000 6.800000
161.310000 7.330000
99.400000 6.640000
133.090000 7.060000
110.810000 6.790000
112.250000 6.810000
165.970000 7.370000
153.470000 7.260000
183.360000 7.520000
126.680000 6.980000
153.320000 7.260000
106.600000 6.740000
196.750000 7.620000
151.500000 7.240000
121.160000 6.920000
114.510000 6.840000
149.560000 7.220000
165.750000 7.370000
140.810000 7.140000
193.130000 7.590000
108.670000 6.760000
123.640000 6.950000
186.520000 7.540000
150.360000 7.230000
204.850000 7.680000
185.230000 7.530000
149.910000 7.230000
114.170000 6.840000
139.760000 7.130000
194.380000 7.600000
154.760000 7.270000
142.430000 7.150000
214.160000 7.740000
103.040000 6.690000
164.610000 7.360000
149.240000 7.220000
149.180000 7.220000
165.300000 7.370000
173.750000 7.440000
129.760000 7.020000
139.330000 7.120000
141.540000 7.150000
106.790000 6.740000
137.920000 7.110000
209.130000 7.710000
163.260000 7.350000
147.210000 7.200000
140.330000 7.130000
218.750000 7.770000
106.280000 6.730000
161.640000 7.340000
248.460000 7.960000
334.570000 8.390000
114.270000 6.840000
136.930000 7.100000
140.330000 7.130000
139.220000 7.120000
189.020000 7.560000
93.110000 6.540000
162.500000 7.340000
145.450000 7.180000
97.850000 6.610000
169.210000 7.400000
120.630000 6.910000
149.910000 7.230000
150.850000 7.240000
143.730000 7.170000
85.980000 6.430000
147.800000 7.210000
121.800000 6.930000
174.170000 7.440000
113.870000 6.830000
158.150000 7.310000
260.720000 8.030000
220.780000 7.790000
136.640000 7.090000
162.730000 7.350000
141.700000 7.150000
94.050000 6.560000
150.670000 7.240000
238.880000 7.900000
129.050000 7.010000
121.900000 6.930000
132.840000 7.050000
100.370000 6.650000
222.990000 7.800000
173.490000 7.440000
165.280000 7.370000
142.810000 7.160000
197.210000 7.620000
169.890000 7.410000
152.570000 7.250000
182.290000 7.510000
189.190000 7.560000
180.030000 7.490000
129.860000 7.020000
116.060000 6.860000
133.010000 7.060000
131.830000 7.040000
139.990000 7.130000
156.790000 7.290000
57.440000 5.840000
225.130000 7.810000
153.160000 7.260000
70.080000 6.130000
177.060000 7.470000
258.500000 8.010000
146.330000 7.190000
151.870000 7.250000
117.710000 6.880000
252.120000 7.980000
139.900000 7.130000
147.140000 7.200000
133.880000 7.060000
168.330000 7.400000
218.830000 7.770000
297.380000 8.220000
149.790000 7.230000
202.000000 7.660000
169.140000 7.400000
132.750000 7.050000
183.130000 7.520000
173.950000 7.440000
139.410000 7.120000
189.960000 7.570000
168.940000 7.400000
92.760000 6.540000
89.200000 6.480000
150.620000 7.230000
157.620000 7.300000
150.560000 7.230000
105.200000 6.720000
160.270000 7.320000
152.900000 7.260000
205.150000 7.680000
202.100000 7.660000
151.520000 7.240000
137.060000 7.100000
106.410000 6.730000
151.390000 7.240000
154.730000 7.270000
126.770000 6.990000
147.000000 7.200000
133.550000 7.060000
115.010000 6.850000
157.620000 7.300000
235.430000 7.880000
131.900000 7.040000
97.980000 6.610000
102.820000 6.680000
132.610000 7.050000
211.050000 7.720000
162.600000 7.350000
107.620000 6.750000
45.360000 5.500000
153.430000 7.260000
200.170000 7.650000
132.660000 7.050000
159.670000 7.320000
213.660000 7.740000
376.250000 8.560000
226.410000 7.820000
140.050000 7.130000
95.270000 6.570000
158.740000 7.310000
75.440000 6.240000
123.620000 6.950000
161.330000 7.330000
123.970000 6.950000
116.570000 6.870000
219.970000 7.780000
161.730000 7.340000
155.250000 7.280000
198.550000 7.630000
139.120000 7.120000
103.080000 6.690000
103.470000 6.690000
149.570000 7.220000
121.640000 6.930000
138.000000 7.110000
153.200000 7.260000
172.430000 7.430000
167.790000 7.390000
292.220000 8.190000
196.390000 7.620000
224.080000 7.810000
332.800000 8.380000
118.170000 6.880000
153.750000 7.260000
139.310000 7.120000
98.470000 6.620000
177.940000 7.480000
112.080000 6.810000
147.850000 7.210000
83.640000 6.390000
103.100000 6.690000
144.080000 7.170000
144.650000 7.180000
153.590000 7.260000
260.310000 8.020000
135.770000 7.090000
164.840000 7.360000
81.620000 6.350000
160.000000 7.320000
216.320000 7.760000
148.460000 7.210000
116.070000 6.860000
125.540000 6.970000
159.040000 7.310000
96.940000 6.600000
95.330000 6.570000
159.380000 7.320000
151.480000 7.240000
159.200000 7.310000
205.120000 7.680000
184.980000 7.530000
108.390000 6.760000
89.210000 6.480000
112.740000 6.820000
147.710000 7.210000
170.220000 7.410000
211.270000 7.720000
155.180000 7.280000
115.760000 6.860000
135.650000 7.080000
143.240000 7.160000
164.160000 7.360000
115.010000 6.850000
123.590000 6.950000
83.500000 6.380000
102.140000 6.670000
234.820000 7.880000
98.330000 6.620000
140.440000 7.130000
83.470000 6.380000
110.800000 6.790000
206.570000 7.690000
108.420000 6.760000
172.100000 7.430000
246.190000 7.940000
213.790000 7.740000
134.500000 7.070000
105.750000 6.720000
144.310000 7.170000
209.690000 7.710000
85.490000 6.420000
163.980000 7.360000
119.420000 6.900000
141.040000 7.140000
248.380000 7.960000
168.810000 7.400000
129.130000 7.010000
138.190000 7.110000
134.220000 7.070000
164.140000 7.360000
165.020000 7.370000
118.380000 6.890000
178.580000 7.480000
207.520000 7.700000
101.440000 6.660000
172.950000 7.430000
160.720000 7.330000
147.720000 7.210000
147.950000 7.210000
326.390000 8.350000
183.720000 7.520000
162.950000 7.350000
119.570000 6.900000
306.280000 8.260000
145.090000 7.180000
243.930000 7.930000
143.290000 7.160000
116.660000 6.870000
124.640000 6.960000
94.730000 6.570000
101.510000 6.670000
137.680000 7.110000
126.410000 6.980000
173.000000 7.430000
158.740000 7.310000
87.820000 6.460000
141.120000 7.140000
113.040000 6.820000
179.140000 7.480000
176.240000 7.460000
152.930000 7.260000
135.490000 7.080000
100.620000 6.650000
102.340000 6.680000
119.800000 6.900000
147.440000 7.200000
132.650000 7.050000
143.630000 7.170000
146.990000 7.200000
112.430000 6.810000
179.830000 7.490000
130.750000 7.030000
210.540000 7.720000
156.570000 7.290000
173.500000 7.440000
221.140000 7.790000
184.620000 7.530000
93.510000 6.550000
269.770000 8.080000
79.460000 6.310000
131.340000 7.040000
149.670000 7.230000
124.230000 6.960000
149.190000 7.220000
116.950000 6.870000
117.040000 6.870000
310.440000 8.280000
90.960000 6.510000
237.640000 7.890000
129.560000 7.020000
132.220000 7.050000
157.040000 7.290000
124.060000 6.950000
125.330000 6.970000
141.580000 7.150000
80.450000 6.330000
149.960000 7.230000
173.970000 7.440000
265.310000 8.050000
128.500000 7.010000
218.910000 7.770000
72.050000 6.170000
124.920000 6.960000
157.240000 7.300000
167.410000 7.390000
60.870000 5.930000
131.980000 7.040000
154.470000 7.270000
136.830000 7.100000
152.600000 7.250000
133.350000 7.060000
122.510000 6.940000
130.690000 7.030000
187.160000 7.550000
201.900000 7.660000
109.430000 6.770000
72.170000 6.170000
157.770000 7.300000
153.930000 7.270000
147.530000 7.200000
160.030000 7.320000
194.820000 7.610000
108.540000 6.760000
146.640000 7.200000
162.990000 7.350000
221.900000 7.790000
136.620000 7.090000
167.730000 7.390000
131.610000 7.040000
160.480000 7.330000
135.860000 7.090000
90.170000 6.490000
71.850000 6.170000
136.310000 7.090000
134.460000 7.070000
207.850000 7.700000
190.700000 7.580000
102.120000 6.670000
146.810000 7.200000
132.080000 7.050000
164.820000 7.360000
113.540000 6.830000
127.460000 6.990000
233.590000 7.870000
144.980000 7.180000
144.290000 7.170000
126.270000 6.980000
96.810000 6.600000
212.820000 7.730000
113.010000 6.820000
153.620000 7.260000
120.160000 6.910000
174.970000 7.450000
120.350000 6.910000
84.020000 6.390000
123.030000 6.940000
153.910000 7.270000
153.280000 7.260000
155.350000 7.280000
209.820000 7.710000
103.740000 6.700000
179.390000 7.490000
86.400000 6.430000
153.110000 7.260000
143.980000 7.170000
111.020000 6.790000
154.810000 7.270000
154.000000 7.270000
79.170000 6.310000
117.280000 6.870000
120.480000 6.910000
108.110000 6.760000
144.690000 7.180000
146.850000 7.200000
146.640000 7.200000
74.130000 6.210000
161.650000 7.340000
166.350000 7.380000
141.880000 7.150000
133.870000 7.060000
190.790000 7.580000
136.210000 7.090000
185.380000 7.530000
173.180000 7.440000
187.290000 7.550000
75.900000 6.250000
149.060000 7.220000
118.550000 6.890000
149.570000 7.220000
160.690000 7.330000
284.620000 8.150000
147.270000 7.200000
230.280000 7.850000
125.930000 6.980000
132.790000 7.050000
155.970000 7.290000
181.940000 7.510000
113.740000 6.830000
188.950000 7.560000
145.220000 7.180000
125.620000 6.970000
142.040000 7.150000
113.640000 6.830000
97.740000 6.610000
168.600000 7.400000
294.600000 8.200000
187.340000 7.550000
135.010000 7.080000
124.420000 6.960000
86.010000 6.430000
208.610000 7.700000
156.410000 7.290000
121.730000 6.930000
204.940000 7.680000
182.560000 7.510000
107.940000 6.750000
251.920000 7.980000
143.450000 7.160000
289.290000 8.180000
120.980000 6.920000
133.140000 7.060000
146.190000 7.190000
156.100000 7.290000
143.530000 7.170000
141.590000 7.150000
198.840000 7.640000
211.020000 7.720000
97.270000 6.600000
59.040000 5.880000
193.000000 7.590000
131.090000 7.030000
196.210000 7.620000
140.820000 7.140000
326.770000 8.350000
83.250000 6.380000
188.710000 7.560000
119.340000 6.900000
186.610000 7.540000
122.130000 6.930000
177.610000 7.470000
123.990000 6.950000
167.950000 7.390000
110.230000 6.780000
155.960000 7.290000
167.460000 7.390000
147.240000 7.200000
139.050000 7.120000
137.590000 7.100000
148.340000 7.210000
195.860000 7.610000
114.130000 6.830000
181.930000 7.510000
144.530000 7.180000
82.660000 6.370000
108.670000 6.760000
264.250000 8.050000
104.240000 6.700000
119.100000 6.900000
150.820000 7.240000
196.280000 7.620000
103.910000 6.700000
191.710000 7.580000
93.150000 6.540000
187.930000 7.550000
194.990000 7.610000
122.200000 6.930000
95.600000 6.580000
248.910000 7.960000
143.140000 7.160000
230.810000 7.850000
123.350000 6.950000
105.290000 6.720000
163.860000 7.360000
91.720000 6.520000
120.130000 6.910000
159.930000 7.320000
270.130000 8.080000
103.520000 6.690000
118.390000 6.890000
227.440000 7.830000
85.720000 6.420000
215.260000 7.750000
93.620000 6.550000
79.140000 6.310000
141.680000 7.150000
153.690000 7.260000
103.140000 6.690000
196.230000 7.620000
103.960000 6.700000
140.800000 7.140000
145.830000 7.190000
162.270000 7.340000
175.210000 7.450000
184.300000 7.530000
160.780000 7.330000
142.970000 7.160000
310.720000 8.280000
150.190000 7.230000
143.580000 7.170000
188.810000 7.560000
126.900000 6.990000
142.690000 7.160000
183.680000 7.520000
145.800000 7.190000
139.520000 7.120000
97.590000 6.610000
101.520000 6.670000
177.210000 7.470000
141.700000 7.150000
108.370000 6.760000
67.330000 6.070000
124.950000 6.970000
175.730000 7.460000
112.560000 6.810000
130.140000 7.020000
109.620000 6.780000
178.430000 7.480000
174.600000 7.450000
158.180000 7.310000
145.180000 7.180000
73.160000 6.190000
154.320000 7.270000
147.360000 7.200000
155.580000 7.280000
84.020000 6.390000
119.660000 6.900000
137.800000 7.110000
135.560000 7.080000
147.510000 7.200000
125.700000 6.970000
150.620000 7.230000
135.850000 7.090000
76.020000 6.250000
121.470000 6.920000
83.870000 6.390000
129.070000 7.010000
118.100000 6.880000
96.900000 6.600000
152.810000 7.260000
142.230000 7.150000
146.330000 7.190000
99.180000 6.630000
194.820000 7.610000
148.190000 7.210000
158.600000 7.310000
153.640000 7.260000
152.190000 7.250000
265.460000 8.050000
136.680000 7.090000
159.560000 7.320000
161.020000 7.330000
211.120000 7.720000
181.570000 7.500000
145.470000 7.180000
59.120000 5.890000
157.780000 7.300000
252.850000 7.980000
131.560000 7.040000
241.470000 7.920000
178.770000 7.480000
124.180000 6.960000
190.560000 7.570000
198.260000 7.630000
146.980000 7.200000
136.020000 7.090000
112.920000 6.820000
153.440000 7.260000
211.340000 7.720000
131.750000 7.040000
158.560000 7.310000
169.550000 7.410000
144.930000 7.180000
80.440000 6.330000
148.370000 7.210000
152.370000 7.250000
162.420000 7.340000
254.220000 7.990000
129.990000 7.020000
133.530000 7.060000
150.930000 7.240000
169.880000 7.410000
147.490000 7.200000
292.640000 8.190000
204.790000 7.680000
99.670000 6.640000
129.170000 7.010000
178.980000 7.480000
90.840000 6.510000
92.890000 6.540000
163.840000 7.360000
70.100000 6.130000
147.550000 7.210000
206.150000 7.690000
133.970000 7.070000
140.490000 7.130000
148.950000 7.220000
158.070000 7.300000
180.160000 7.490000
181.310000 7.500000
139.440000 7.120000
145.770000 7.190000
113.150000 6.820000
144.500000 7.170000
151.060000 7.240000
102.840000 6.680000
212.600000 7.730000
158.280000 7.310000
124.000000 6.950000
162.780000 7.350000
217.630000 7.770000
131.480000 7.040000
152.530000 7.250000
333.720000 8.380000
129.590000 7.020000
81.370000 6.350000
125.330000 6.970000
122.130000 6.930000
148.730000 7.220000
156.870000 7.290000
152.690000 7.250000
55.170000 5.790000
168.750000 7.400000
270.810000 8.080000
245.420000 7.940000
169.570000 7.410000
155.500000 7.280000
169.370000 7.400000
267.470000 8.060000
155.120000 7.280000
236.910000 7.890000
132.170000 7.050000
116.360000 6.860000
177.570000 7.470000
103.640000 6.700000
166.360000 7.380000
138.650000 7.120000
195.750000 7.610000
117.040000 6.870000
165.170000 7.370000
133.010000 7.060000
126.510000 6.980000
187.250000 7.550000
98.950000 6.630000
156.230000 7.290000
265.990000 8.060000
147.090000 7.200000
133.240000 7.060000
172.060000 7.430000
182.940000 7.520000
230.890000 7.850000
108.670000 6.760000
78.680000 6.300000
145.520000 7.190000
124.490000 6.960000
356.620000 8.480000
134.970000 7.080000
192.200000 7.590000
86.850000 6.440000
190.540000 7.570000
141.770000 7.150000
104.440000 6.710000
161.470000 7.340000
275.660000 8.110000
169.410000 7.400000
132.380000 7.050000
107.690000 6.750000
132.170000 7.050000
56.940000 5.830000
198.820000 7.640000
109.230000 6.770000
136.920000 7.100000
137.010000 7.100000
138.060000 7.110000
104.000000 6.700000
142.490000 7.150000
169.690000 7.410000
170.490000 7.410000
58.900000 5.880000
155.130000 7.280000
91.160000 6.510000
77.610000 6.280000
85.910000 6.420000
156.450000 7.290000
117.300000 6.870000
184.610000 7.530000
231.720000 7.860000
141.590000 7.150000
121.810000 6.930000
108.210000 6.760000
55.230000 5.790000
153.980000 7.270000
135.550000 7.080000
111.090000 6.800000
149.110000 7.220000
85.100000 6.410000
99.170000 6.630000
113.900000 6.830000
113.390000 6.830000
170.800000 7.420000
129.720000 7.020000
131.730000 7.040000
116.570000 6.870000
134.290000 7.070000
139.220000 7.120000
124.460000 6.960000
119.460000 6.900000
78.940000 6.300000
230.990000 7.850000
65.650000 6.040000
147.940000 7.210000
157.950000 7.300000
127.320000 6.990000
149.520000 7.220000
162.230000 7.340000
203.220000 7.670000
258.440000 8.010000
177.630000 7.470000
109.130000 6.770000
127.450000 6.990000
161.110000 7.330000
140.200000 7.130000
99.350000 6.630000
172.930000 7.430000
122.480000 6.940000
272.990000 8.090000
153.880000 7.270000
151.250000 7.240000
87.600000 6.450000
157.280000 7.300000
137.270000 7.100000
113.710000 6.830000
147.300000 7.200000
102.300000 6.680000
230.510000 7.850000
68.170000 6.090000
137.260000 7.100000
78.610000 6.300000
136.420000 7.090000
227.030000 7.830000
146.200000 7.190000
162.240000 7.340000
70.900000 6.150000
160.640000 7.330000
151.560000 7.240000
205.810000 7.690000
148.650000 7.220000
119.420000 6.900000
240.080000 7.910000
151.050000 7.240000
253.320000 7.980000
197.880000 7.630000
166.930000 7.380000
111.810000 6.800000
140.450000 7.130000
127.690000 7.000000
147.940000 7.210000
107.410000 6.750000
196.850000 7.620000
172.540000 7.430000
145.320000 7.180000
111.570000 6.800000
145.850000 7.190000
151.320000 7.240000
125.540000 6.970000
141.960000 7.150000
148.810000 7.220000
159.490000 7.320000
126.320000 6.980000
76.150000 6.250000
156.120000 7.290000
148.270000 7.210000
158.060000 7.300000
162.900000 7.350000
155.870000 7.280000
150.670000 7.240000
99.570000 6.640000
134.110000 7.070000
166.650000 7.380000
88.150000 6.460000
220.440000 7.780000
121.420000 6.920000
148.560000 7.210000
110.000000 6.780000
131.800000 7.040000
356.940000 8.480000
85.340000 6.420000
244.660000 7.930000
146.860000 7.200000
132.860000 7.050000
138.960000 7.120000
164.870000 7.370000
161.860000 7.340000
168.280000 7.390000
173.490000 7.440000
131.580000 7.040000
174.930000 7.450000
160.100000 7.320000
122.210000 6.930000
101.390000 6.660000
169.150000 7.400000
141.090000 7.140000
237.340000 7.890000
131.580000 7.040000
128.090000 7.000000
91.130000 6.510000
125.170000 6.970000
136.580000 7.090000
97.490000 6.610000
176.200000 7.460000
163.470000 7.350000
98.570000 6.620000
139.760000 7.130000
103.990000 6.700000
125.440000 6.970000
167.940000 7.390000
172.140000 7.430000
153.570000 7.260000
92.840000 6.540000
144.240000 7.170000
208.010000 7.700000
183.720000 7.520000
167.430000 7.390000
106.770000 6.740000
132.740000 7.050000
71.180000 6.150000
253.670000 7.990000
81.770000 6.350000
160.530000 7.330000
100.610000 6.650000
219.570000 7.780000
152.820000 7.260000
133.580000 7.060000
96.690000 6.600000
139.790000 7.130000
148.570000 7.210000
170.390000 7.410000
152.790000 7.260000
91.320000 6.510000
180.460000 7.500000
154.490000 7.270000
151.840000 7.250000
133.540000 7.060000
131.640000 7.040000
117.390000 6.880000
107.290000 6.750000
83.350000 6.380000
76.650000 6.260000
235.760000 7.880000
111.020000 6.790000
203.190000 7.670000
226.140000 7.820000
147.490000 7.200000
157.410000 7.300000
130.110000 7.020000
207.360000 7.700000
143.300000 7.160000
208.860000 7.710000
179.540000 7.490000
147.620000 7.210000
97.170000 6.600000
156.970000 7.290000
109.540000 6.780000
132.940000 7.050000
108.170000 6.760000
141.170000 7.140000
94.680000 6.560000
175.790000 7.460000
179.450000 7.490000
149.220000 7.220000
171.800000 7.420000
279.380000 8.130000
135.030000 7.080000
153.920000 7.270000
120.810000 6.920000
116.390000 6.860000
70.410000 6.140000
230.700000 7.850000
201.740000 7.660000
147.100000 7.200000
168.350000 7.400000
129.760000 7.020000
168.080000 7.390000
102.260000 6.680000
119.510000 6.900000
115.330000 6.850000
176.590000 7.460000
169.570000 7.410000
134.220000 7.070000
70.210000 6.130000
126.110000 6.980000
140.980000 7.140000
148.170000 7.210000
155.220000 7.280000
114.710000 6.840000
174.790000 7.450000
124.760000 6.960000
293.500000 8.200000
83.480000 6.380000
124.590000 6.960000
103.180000 6.690000
169.930000 7.410000
173.530000 7.440000
97.140000 6.600000
201.100000 7.650000
59.930000 5.910000
151.110000 7.240000
134.040000 7.070000
73.390000 6.200000
161.890000 7.340000
69.690000 6.120000
59.680000 5.900000
131.320000 7.040000
205.000000 7.680000
145.250000 7.180000
147.070000 7.200000
193.860000 7.600000
154.910000 7.280000
154.250000 7.270000
133.290000 7.060000
110.830000 6.790000
