134.810000 7.070000
99.140000 6.630000
140.210000 7.130000
79.140000 6.310000
217.340000 7.760000
160.680000 7.330000
417.170000 8.700000
92.930000 6.540000
188.960000 7.560000
160.520000 7.330000
143.900000 7.170000
180.770000 7.500000
105.870000 6.730000
148.700000 7.220000
160.920000 7.330000
175.470000 7.460000
260.320000 8.020000
179.300000 7.490000
121.610000 6.930000
135.320000 7.080000
137.690000 7.110000
178.710000 7.480000
172.870000 7.430000
213.060000 7.740000
152.590000 7.250000
192.870000 7.590000
222.570000 7.800000
249.730000 7.960000
162.710000 7.350000
243.550000 7.930000
152.470000 7.250000
186.070000 7.540000
165.860000 7.370000
244.680000 7.930000
140.650000 7.140000
142.600000 7.160000
137.290000 7.100000
122.010000 6.930000
172.750000 7.430000
120.700000 6.920000
60.670000 5.920000
140.930000 7.140000
154.710000 7.270000
126.280000 6.980000
162.250000 7.340000
201.870000 7.660000
219.100000 7.780000
152.420000 7.250000
267.120000 8.060000
148.040000 7.210000
127.080000 6.990000
205.660000 7.680000
147.280000 7.200000
161.650000 7.340000
201.500000 7.650000
118.490000 6.890000
164.670000 7.360000
101.090000 6.660000
139.860000 7.130000
116.120000 6.860000
112.150000 6.810000
171.410000 7.420000
148.770000 7.220000
182.040000 7.510000
126.990000 6.990000
163.400000 7.350000
106.410000 6.730000
194.770000 7.610000
151.770000 7.250000
119.280000 6.900000
114.480000 6.840000
155.290000 7.280000
171.890000 7.430000
141.780000 7.150000
197.860000 7.630000
104.080000 6.700000
127.430000 6.990000
194.800000 7.610000
157.580000 7.300000
211.770000 7.730000
186.950000 7.550000
155.570000 7.280000
113.180000 6.820000
141.730000 7.150000
204.710000 7.680000
160.500000 7.330000
140.030000 7.130000
213.870000 7.740000
103.530000 6.690000
162.420000 7.340000
149.130000 7.220000
155.030000 7.280000
170.140000 7.410000
176.640000 7.460000
133.590000 7.060000
146.830000 7.200000
145.090000 7.180000
107.140000 6.740000
142.000000 7.150000
214.880000 7.750000
164.490000 7.360000
147.400000 7.200000
139.080000 7.120000
219.660000 7.780000
106.740000 6.740000
163.540000 7.350000
246.780000 7.950000
339.320000 8.410000
112.820000 6.820000
142.160000 7.150000
138.660000 7.120000
134.830000 7.070000
197.010000 7.620000
92.980000 6.540000
165.050000 7.370000
151.460000 7.240000
96.820000 6.600000
176.450000 7.460000
125.750000 6.970000
157.570000 7.300000
152.860000 7.260000
148.260000 7.210000
91.990000 6.520000
150.110000 7.230000
127.960000 7.000000
180.460000 7.500000
120.470000 6.910000
163.270000 7.350000
262.520000 8.040000
225.660000 7.820000
141.350000 7.140000
168.070000 7.390000
145.420000 7.180000
99.900000 6.640000
155.410000 7.280000
240.150000 7.910000
133.770000 7.060000
124.950000 6.970000
136.620000 7.090000
104.500000 6.710000
225.090000 7.810000
178.350000 7.480000
166.660000 7.380000
144.460000 7.170000
196.610000 7.620000
176.160000 7.460000
157.870000 7.300000
186.050000 7.540000
194.020000 7.600000
182.030000 7.510000
137.140000 7.100000
118.120000 6.880000
136.480000 7.090000
134.480000 7.070000
145.130000 7.180000
161.860000 7.340000
55.450000 5.790000
226.210000 7.820000
156.240000 7.290000
67.350000 6.070000
176.210000 7.460000
266.810000 8.060000
150.660000 7.240000
158.750000 7.310000
117.390000 6.880000
248.870000 7.960000
146.100000 7.190000
151.450000 7.240000
141.960000 7.150000
170.010000 7.410000
222.960000 7.800000
291.920000 8.190000
155.150000 7.280000
202.000000 7.660000
176.230000 7.460000
135.270000 7.080000
187.270000 7.550000
172.170000 7.430000
139.780000 7.130000
189.050000 7.560000
173.980000 7.440000
90.630000 6.500000
89.010000 6.480000
159.180000 7.310000
163.880000 7.360000
157.560000 7.300000
106.080000 6.730000
166.250000 7.380000
154.230000 7.270000
207.890000 7.700000
200.180000 7.650000
157.670000 7.300000
138.180000 7.110000
100.620000 6.650000
156.600000 7.290000
160.160000 7.320000
129.860000 7.020000
148.400000 7.210000
126.810000 6.990000
114.930000 6.840000
164.210000 7.360000
244.510000 7.930000
132.220000 7.050000
98.650000 6.620000
103.900000 6.700000
136.180000 7.090000
207.610000 7.700000
165.500000 7.370000
100.280000 6.650000
44.040000 5.460000
155.440000 7.280000
203.730000 7.670000
139.950000 7.130000
161.580000 7.340000
210.390000 7.720000
379.140000 8.570000
228.970000 7.840000
141.580000 7.150000
97.210000 6.600000
158.620000 7.310000
73.980000 6.210000
122.680000 6.940000
166.350000 7.380000
124.950000 6.970000
115.670000 6.850000
220.370000 7.780000
163.800000 7.360000
161.350000 7.330000
203.970000 7.670000
136.520000 7.090000
111.470000 6.800000
103.220000 6.690000
149.290000 7.220000
126.450000 6.980000
141.220000 7.140000
155.700000 7.280000
171.740000 7.420000
167.190000 7.390000
297.450000 8.220000
202.240000 7.660000
220.250000 7.780000
341.140000 8.410000
123.050000 6.940000
159.110000 7.310000
146.220000 7.190000
98.910000 6.630000
177.130000 7.470000
114.780000 6.840000
152.250000 7.250000
84.980000 6.410000
104.170000 6.700000
149.880000 7.230000
149.030000 7.220000
158.500000 7.310000
263.400000 8.040000
137.960000 7.110000
169.960000 7.410000
81.900000 6.360000
167.200000 7.390000
216.890000 7.760000
153.730000 7.260000
120.790000 6.920000
130.450000 7.030000
164.270000 7.360000
95.030000 6.570000
96.190000 6.590000
163.100000 7.350000
156.940000 7.290000
164.950000 7.370000
212.350000 7.730000
186.500000 7.540000
109.520000 6.780000
88.910000 6.470000
117.840000 6.880000
152.440000 7.250000
173.750000 7.440000
214.010000 7.740000
158.770000 7.310000
118.170000 6.880000
142.870000 7.160000
149.340000 7.220000
168.860000 7.400000
120.610000 6.910000
129.900000 7.020000
83.560000 6.380000
103.080000 6.690000
236.810000 7.890000
94.400000 6.560000
143.140000 7.160000
84.900000 6.410000
110.130000 6.780000
211.220000 7.720000
111.220000 6.800000
180.440000 7.500000
250.130000 7.970000
210.480000 7.720000
139.380000 7.120000
110.070000 6.780000
149.910000 7.230000
210.460000 7.720000
85.820000 6.420000
170.350000 7.410000
125.950000 6.980000
137.710000 7.110000
235.350000 7.880000
175.200000 7.450000
133.650000 7.060000
141.870000 7.150000
135.280000 7.080000
170.310000 7.410000
165.950000 7.370000
120.150000 6.910000
184.030000 7.520000
208.840000 7.710000
101.180000 6.660000
172.890000 7.430000
170.330000 7.410000
155.030000 7.280000
154.040000 7.270000
328.890000 8.360000
184.130000 7.520000
168.330000 7.400000
119.910000 6.910000
305.340000 8.250000
146.490000 7.190000
243.270000 7.930000
148.630000 7.220000
116.860000 6.870000
128.900000 7.010000
97.060000 6.600000
100.100000 6.650000
141.030000 7.140000
131.700000 7.040000
180.660000 7.500000
165.780000 7.370000
86.320000 6.430000
148.140000 7.210000
114.160000 6.830000
179.280000 7.490000
177.990000 7.480000
158.190000 7.310000
142.920000 7.160000
100.330000 6.650000
102.360000 6.680000
124.310000 6.960000
151.240000 7.240000
137.090000 7.100000
149.740000 7.230000
154.970000 7.280000
114.010000 6.830000
180.900000 7.500000
134.660000 7.070000
214.410000 7.740000
161.930000 7.340000
176.550000 7.460000
222.840000 7.800000
190.090000 7.570000
94.390000 6.560000
273.230000 8.090000
78.040000 6.290000
136.110000 7.090000
156.020000 7.290000
129.280000 7.010000
152.490000 7.250000
114.370000 6.840000
121.410000 6.920000
313.060000 8.290000
90.950000 6.510000
231.970000 7.860000
137.540000 7.100000
137.410000 7.100000
165.020000 7.370000
122.500000 6.940000
132.660000 7.050000
148.900000 7.220000
80.700000 6.330000
158.140000 7.310000
179.960000 7.490000
274.210000 8.100000
133.190000 7.060000
225.200000 7.820000
71.190000 6.150000
129.890000 7.020000
164.290000 7.360000
171.930000 7.430000
58.480000 5.870000
128.730000 7.010000
154.300000 7.270000
141.670000 7.150000
154.680000 7.270000
134.480000 7.070000
122.550000 6.940000
137.740000 7.110000
192.210000 7.590000
206.200000 7.690000
111.880000 6.810000
70.240000 6.130000
163.770000 7.360000
162.480000 7.340000
151.180000 7.240000
167.420000 7.390000
194.280000 7.600000
107.630000 6.750000
148.160000 7.210000
168.320000 7.400000
224.910000 7.810000
135.200000 7.080000
176.030000 7.460000
132.460000 7.050000
164.530000 7.360000
142.880000 7.160000
86.620000 6.440000
71.040000 6.150000
142.600000 7.160000
142.720000 7.160000
205.520000 7.680000
192.590000 7.590000
100.560000 6.650000
142.760000 7.160000
130.740000 7.030000
168.530000 7.400000
118.520000 6.890000
126.190000 6.980000
233.900000 7.870000
151.370000 7.240000
150.030000 7.230000
131.590000 7.040000
95.430000 6.580000
217.540000 7.770000
113.450000 6.830000
159.800000 7.320000
122.260000 6.930000
180.110000 7.490000
125.990000 6.980000
76.690000 6.260000
124.570000 6.960000
160.670000 7.330000
158.870000 7.310000
153.930000 7.270000
210.610000 7.720000
102.470000 6.680000
180.490000 7.500000
86.260000 6.430000
158.620000 7.310000
141.470000 7.140000
118.260000 6.890000
160.560000 7.330000
153.990000 7.270000
82.290000 6.360000
122.150000 6.930000
124.570000 6.960000
108.330000 6.760000
149.830000 7.230000
145.440000 7.180000
153.020000 7.260000
69.200000 6.110000
165.020000 7.370000
174.690000 7.450000
144.550000 7.180000
142.060000 7.150000
195.150000 7.610000
137.490000 7.100000
191.860000 7.580000
175.970000 7.460000
188.970000 7.560000
76.040000 6.250000
147.940000 7.210000
121.670000 6.930000
154.480000 7.270000
167.450000 7.390000
281.430000 8.140000
152.550000 7.250000
228.750000 7.840000
129.640000 7.020000
133.040000 7.060000
159.070000 7.310000
187.560000 7.550000
113.880000 6.830000
196.310000 7.620000
147.080000 7.200000
129.240000 7.010000
148.270000 7.210000
120.260000 6.910000
98.400000 6.620000
174.970000 7.450000
288.700000 8.170000
186.740000 7.540000
139.700000 7.130000
129.590000 7.020000
86.650000 6.440000
208.440000 7.700000
162.310000 7.340000
124.050000 6.950000
204.780000 7.680000
193.780000 7.600000
108.700000 6.760000
255.570000 8.000000
148.330000 7.210000
294.180000 8.200000
124.590000 6.960000
134.010000 7.070000
149.270000 7.220000
159.680000 7.320000
150.610000 7.230000
147.790000 7.210000
204.910000 7.680000
215.930000 7.750000
97.130000 6.600000
56.680000 5.820000
201.280000 7.650000
132.540000 7.050000
195.580000 7.610000
146.870000 7.200000
330.630000 8.370000
84.020000 6.390000
188.200000 7.560000
125.870000 6.980000
191.700000 7.580000
118.540000 6.890000
178.530000 7.480000
128.080000 7.000000
166.120000 7.380000
111.040000 6.790000
163.150000 7.350000
173.630000 7.440000
151.690000 7.240000
146.510000 7.190000
142.020000 7.150000
151.900000 7.250000
203.720000 7.670000
113.770000 6.830000
184.430000 7.530000
148.170000 7.210000
81.700000 6.350000
110.690000 6.790000
263.940000 8.040000
101.870000 6.670000
123.710000 6.950000
156.430000 7.290000
199.820000 7.640000
104.900000 6.710000
200.740000 7.650000
93.620000 6.550000
192.940000 7.590000
202.550000 7.660000
128.220000 7.000000
85.840000 6.420000
251.570000 7.970000
150.090000 7.230000
234.080000 7.870000
135.450000 7.080000
105.220000 6.720000
161.760000 7.340000
91.980000 6.520000
119.340000 6.900000
160.350000 7.330000
269.990000 8.080000
109.400000 6.770000
118.190000 6.880000
229.650000 7.840000
85.580000 6.420000
210.880000 7.720000
90.460000 6.500000
78.720000 6.300000
144.430000 7.170000
147.990000 7.210000
102.010000 6.670000
195.890000 7.610000
102.940000 6.690000
146.740000 7.200000
148.240000 7.210000
160.750000 7.330000
186.060000 7.540000
188.620000 7.560000
165.730000 7.370000
144.350000 7.170000
316.700000 8.310000
160.450000 7.330000
147.290000 7.200000
195.910000 7.610000
120.980000 6.920000
144.340000 7.170000
176.240000 7.460000
144.680000 7.180000
147.680000 7.210000
97.370000 6.610000
101.850000 6.670000
180.150000 7.490000
146.330000 7.190000
108.040000 6.760000
66.080000 6.050000
128.460000 7.010000
174.760000 7.450000
116.830000 6.870000
130.170000 7.020000
109.550000 6.780000
187.300000 7.550000
178.330000 7.480000
165.220000 7.370000
146.650000 7.200000
73.290000 6.200000
152.950000 7.260000
152.840000 7.260000
160.610000 7.330000
82.530000 6.370000
118.980000 6.890000
135.430000 7.080000
139.470000 7.120000
153.790000 7.260000
124.680000 6.960000
155.970000 7.290000
138.960000 7.120000
75.810000 6.240000
119.740000 6.900000
83.720000 6.390000
132.620000 7.050000
122.020000 6.930000
95.310000 6.570000
158.210000 7.310000
145.880000 7.190000
151.890000 7.250000
95.720000 6.580000
194.590000 7.600000
155.240000 7.280000
164.740000 7.360000
157.130000 7.300000
154.350000 7.270000
266.090000 8.060000
136.070000 7.090000
163.510000 7.350000
160.810000 7.330000
211.670000 7.730000
192.810000 7.590000
150.950000 7.240000
57.560000 5.850000
167.520000 7.390000
255.870000 8.000000
137.970000 7.110000
239.940000 7.910000
177.070000 7.470000
135.580000 7.080000
198.050000 7.630000
196.160000 7.620000
150.050000 7.230000
141.350000 7.140000
108.920000 6.770000
158.860000 7.310000
220.100000 7.780000
135.980000 7.090000
168.400000 7.400000
166.750000 7.380000
151.010000 7.240000
79.240000 6.310000
155.580000 7.280000
158.670000 7.310000
161.060000 7.330000
255.560000 8.000000
136.890000 7.100000
140.220000 7.130000
148.780000 7.220000
175.870000 7.460000
154.240000 7.270000
298.190000 8.220000
206.110000 7.690000
98.410000 6.620000
135.670000 7.080000
180.360000 7.490000
90.670000 6.500000
91.860000 6.520000
171.540000 7.420000
69.150000 6.110000
152.360000 7.250000
211.160000 7.720000
140.060000 7.130000
135.360000 7.080000
155.520000 7.280000
164.820000 7.360000
184.790000 7.530000
186.970000 7.550000
144.520000 7.180000
149.010000 7.220000
120.620000 6.910000
151.350000 7.240000
150.040000 7.230000
102.350000 6.680000
213.940000 7.740000
165.370000 7.370000
123.460000 6.950000
165.120000 7.370000
222.050000 7.790000
133.830000 7.060000
158.380000 7.310000
335.210000 8.390000
128.980000 7.010000
81.700000 6.350000
129.800000 7.020000
119.320000 6.900000
155.140000 7.280000
158.600000 7.310000
153.100000 7.260000
52.940000 5.730000
174.580000 7.450000
270.090000 8.080000
247.650000 7.950000
175.820000 7.460000
160.460000 7.330000
175.970000 7.460000
275.150000 8.100000
158.810000 7.310000
237.980000 7.890000
132.060000 7.050000
116.090000 6.860000
180.330000 7.490000
102.620000 6.680000
171.440000 7.420000
141.470000 7.140000
195.680000 7.610000
116.390000 6.860000
171.100000 7.420000
138.130000 7.110000
125.870000 6.980000
185.580000 7.540000
97.270000 6.600000
152.680000 7.250000
272.000000 8.090000
148.090000 7.210000
137.240000 7.100000
174.240000 7.440000
184.060000 7.520000
233.530000 7.870000
107.600000 6.750000
78.340000 6.290000
150.840000 7.240000
128.440000 7.000000
346.900000 8.440000
138.500000 7.110000
199.110000 7.640000
83.570000 6.380000
191.670000 7.580000
139.340000 7.120000
105.800000 6.730000
169.480000 7.400000
274.330000 8.100000
173.780000 7.440000
140.570000 7.140000
106.970000 6.740000
132.830000 7.050000
53.750000 5.750000
197.600000 7.630000
109.560000 6.780000
144.140000 7.170000
136.760000 7.100000
145.830000 7.190000
106.230000 6.730000
147.730000 7.210000
177.720000 7.470000
175.280000 7.450000
56.800000 5.830000
160.580000 7.330000
90.410000 6.500000
75.830000 6.240000
81.190000 6.340000
161.530000 7.340000
122.480000 6.940000
181.990000 7.510000
229.990000 7.850000
136.070000 7.090000
121.580000 6.930000
117.030000 6.870000
55.020000 5.780000
161.780000 7.340000
138.480000 7.110000
110.520000 6.790000
153.510000 7.260000
86.120000 6.430000
98.610000 6.620000
112.810000 6.820000
114.040000 6.830000
179.390000 7.490000
131.210000 7.040000
136.060000 7.090000
117.410000 6.880000
140.660000 7.140000
144.650000 7.180000
128.850000 7.010000
119.560000 6.900000
75.070000 6.230000
232.230000 7.860000
66.710000 6.060000
153.320000 7.260000
162.120000 7.340000
132.040000 7.040000
156.010000 7.290000
167.090000 7.380000
204.940000 7.680000
270.900000 8.080000
186.260000 7.540000
112.960000 6.820000
124.760000 6.960000
161.280000 7.330000
148.580000 7.220000
99.710000 6.640000
172.820000 7.430000
123.360000 6.950000
272.730000 8.090000
160.660000 7.330000
156.220000 7.290000
87.690000 6.450000
162.280000 7.340000
137.260000 7.100000
112.170000 6.810000
152.440000 7.250000
102.780000 6.680000
232.770000 7.860000
68.240000 6.090000
142.640000 7.160000
78.250000 6.290000
141.080000 7.140000
229.990000 7.850000
152.160000 7.250000
166.380000 7.380000
69.320000 6.120000
165.950000 7.370000
157.650000 7.300000
207.360000 7.700000
154.040000 7.270000
121.840000 6.930000
241.570000 7.920000
152.620000 7.250000
254.370000 7.990000
197.850000 7.630000
174.190000 7.440000
112.280000 6.810000
143.260000 7.160000
133.930000 7.070000
153.810000 7.260000
107.360000 6.750000
191.980000 7.580000
174.020000 7.440000
144.250000 7.170000
111.270000 6.800000
150.780000 7.240000
151.880000 7.250000
131.310000 7.040000
147.340000 7.200000
152.140000 7.250000
159.490000 7.320000
130.780000 7.030000
75.260000 6.230000
156.510000 7.290000
150.510000 7.230000
161.260000 7.330000
169.900000 7.410000
162.680000 7.350000
150.790000 7.240000
104.990000 6.710000
134.110000 7.070000
160.940000 7.330000
88.530000 6.470000
223.450000 7.800000
119.100000 6.900000
155.290000 7.280000
112.270000 6.810000
137.670000 7.110000
360.940000 8.500000
85.200000 6.410000
249.230000 7.960000
153.520000 7.260000
138.850000 7.120000
143.790000 7.170000
169.950000 7.410000
167.660000 7.390000
176.350000 7.460000
179.020000 7.480000
135.400000 7.080000
181.180000 7.500000
166.500000 7.380000
129.740000 7.020000
99.370000 6.630000
177.360000 7.470000
135.820000 7.090000
238.790000 7.900000
132.870000 7.050000
131.790000 7.040000
90.840000 6.510000
131.590000 7.040000
141.760000 7.150000
97.210000 6.600000
182.270000 7.510000
170.170000 7.410000
94.890000 6.570000
144.510000 7.180000
101.840000 6.670000
122.710000 6.940000
173.690000 7.440000
176.640000 7.460000
155.340000 7.280000
93.110000 6.540000
148.970000 7.220000
209.080000 7.710000
190.030000 7.570000
170.010000 7.410000
107.840000 6.750000
131.470000 7.040000
71.520000 6.160000
262.890000 8.040000
79.820000 6.320000
166.110000 7.380000
99.310000 6.630000
224.090000 7.810000
155.770000 7.280000
136.140000 7.090000
95.360000 6.580000
147.700000 7.210000
150.110000 7.230000
175.460000 7.450000
151.590000 7.240000
87.480000 6.450000
188.880000 7.560000
160.860000 7.330000
154.910000 7.280000
133.450000 7.060000
137.140000 7.100000
121.140000 6.920000
114.990000 6.850000
83.880000 6.390000
76.810000 6.260000
234.910000 7.880000
110.800000 6.790000
212.040000 7.730000
226.280000 7.820000
154.570000 7.270000
159.740000 7.320000
139.310000 7.120000
204.720000 7.680000
150.850000 7.240000
208.670000 7.710000
176.380000 7.460000
153.140000 7.260000
97.040000 6.600000
162.460000 7.340000
106.710000 6.740000
137.340000 7.100000
108.710000 6.760000
147.240000 7.200000
95.530000 6.580000
177.590000 7.470000
180.460000 7.500000
153.040000 7.260000
175.690000 7.460000
281.600000 8.140000
140.530000 7.130000
160.850000 7.330000
122.460000 6.940000
117.640000 6.880000
70.580000 6.140000
229.210000 7.840000
201.020000 7.650000
153.070000 7.260000
170.030000 7.410000
134.920000 7.080000
170.790000 7.420000
103.560000 6.690000
123.530000 6.950000
120.410000 6.910000
180.360000 7.490000
172.720000 7.430000
143.750000 7.170000
69.990000 6.130000
126.210000 6.980000
146.670000 7.200000
155.980000 7.290000
160.370000 7.330000
112.660000 6.820000
180.520000 7.500000
126.790000 6.990000
292.850000 8.190000
81.570000 6.350000
123.350000 6.950000
100.830000 6.660000
171.810000 7.420000
175.430000 7.450000
94.040000 6.560000
210.460000 7.720000
57.380000 5.840000
148.480000 7.210000
141.080000 7.140000
73.180000 6.190000
168.960000 7.400000
61.610000 5.950000
57.710000 5.850000
136.960000 7.100000
210.190000 7.720000
150.390000 7.230000
152.180000 7.250000
196.610000 7.620000
162.020000 7.340000
160.120000 7.320000
139.170000 7.120000
112.340000 6.810000
