136.770000 7.100000
100.000000 6.640000
140.810000 7.140000
79.110000 6.310000
221.580000 7.790000
163.190000 7.350000
416.890000 8.700000
93.440000 6.550000
190.560000 7.570000
162.510000 7.340000
146.450000 7.190000
182.990000 7.520000
105.330000 6.720000
149.260000 7.220000
160.650000 7.330000
174.820000 7.450000
260.740000 8.030000
182.200000 7.510000
121.710000 6.930000
136.350000 7.090000
140.990000 7.140000
178.030000 7.480000
172.810000 7.430000
211.350000 7.720000
154.520000 7.270000
193.620000 7.600000
222.970000 7.800000
252.720000 7.980000
164.290000 7.360000
246.250000 7.940000
155.370000 7.280000
187.010000 7.550000
168.940000 7.400000
247.380000 7.950000
141.420000 7.140000
143.300000 7.160000
137.630000 7.100000
123.340000 6.950000
172.550000 7.430000
121.640000 6.930000
60.250000 5.910000
140.880000 7.140000
155.310000 7.280000
125.450000 6.970000
163.730000 7.360000
202.470000 7.660000
220.300000 7.780000
153.300000 7.260000
265.400000 8.050000
148.560000 7.210000
127.980000 7.000000
205.610000 7.680000
148.550000 7.210000
165.420000 7.370000
199.180000 7.640000
120.070000 6.910000
166.440000 7.380000
101.340000 6.660000
142.980000 7.160000
117.980000 6.880000
113.470000 6.830000
171.230000 7.420000
148.950000 7.220000
182.640000 7.510000
126.270000 6.980000
165.920000 7.370000
105.750000 6.720000
194.660000 7.600000
152.520000 7.250000
119.620000 6.900000
113.920000 6.830000
155.430000 7.280000
173.900000 7.440000
141.970000 7.150000
199.540000 7.640000
102.220000 6.680000
128.840000 7.010000
195.710000 7.610000
159.490000 7.320000
213.150000 7.740000
190.770000 7.580000
156.560000 7.290000
112.620000 6.820000
142.330000 7.150000
206.370000 7.690000
161.450000 7.330000
141.050000 7.140000
216.100000 7.760000
104.320000 6.700000
163.000000 7.350000
150.660000 7.240000
157.820000 7.300000
171.890000 7.430000
178.080000 7.480000
134.490000 7.070000
150.150000 7.230000
146.000000 7.190000
107.500000 6.750000
142.930000 7.160000
215.700000 7.750000
166.710000 7.380000
149.130000 7.220000
140.020000 7.130000
219.760000 7.780000
107.200000 6.740000
164.720000 7.360000
247.210000 7.950000
339.350000 8.410000
114.070000 6.830000
143.060000 7.160000
139.160000 7.120000
135.350000 7.080000
198.820000 7.640000
93.830000 6.550000
165.810000 7.370000
151.740000 7.250000
97.790000 6.610000
180.380000 7.490000
125.220000 6.970000
158.490000 7.310000
155.130000 7.280000
148.870000 7.220000
94.500000 6.560000
152.320000 7.250000
128.250000 7.000000
181.360000 7.500000
120.720000 6.920000
164.140000 7.360000
265.340000 8.050000
225.210000 7.820000
143.150000 7.160000
169.180000 7.400000
147.660000 7.210000
100.250000 6.650000
154.520000 7.270000
240.980000 7.910000
134.340000 7.070000
125.870000 6.980000
137.430000 7.100000
104.360000 6.710000
224.120000 7.810000
179.770000 7.490000
167.970000 7.390000
148.090000 7.210000
198.870000 7.640000
176.710000 7.470000
160.780000 7.330000
186.720000 7.540000
195.660000 7.610000
183.560000 7.520000
137.980000 7.110000
118.080000 6.880000
137.540000 7.100000
134.790000 7.070000
146.680000 7.200000
163.590000 7.350000
55.260000 5.790000
227.500000 7.830000
156.880000 7.290000
66.760000 6.060000
177.700000 7.470000
268.210000 8.070000
152.780000 7.260000
159.300000 7.320000
118.070000 6.880000
250.310000 7.970000
147.270000 7.200000
152.600000 7.250000
143.360000 7.160000
171.360000 7.420000
222.760000 7.800000
291.670000 8.190000
157.590000 7.300000
203.610000 7.670000
177.640000 7.470000
137.960000 7.110000
188.240000 7.560000
173.260000 7.440000
140.880000 7.140000
190.800000 7.580000
176.370000 7.460000
90.990000 6.510000
88.110000 6.460000
161.250000 7.330000
164.770000 7.360000
159.270000 7.320000
105.930000 6.730000
168.020000 7.390000
155.740000 7.280000
210.450000 7.720000
203.490000 7.670000
158.440000 7.310000
139.070000 7.120000
101.640000 6.670000
156.360000 7.290000
162.260000 7.340000
130.480000 7.030000
152.190000 7.250000
126.080000 6.980000
115.060000 6.850000
167.000000 7.380000
248.580000 7.960000
132.250000 7.050000
99.550000 6.640000
104.790000 6.710000
136.400000 7.090000
207.410000 7.700000
167.600000 7.390000
99.530000 6.640000
44.200000 5.470000
155.880000 7.280000
203.650000 7.670000
140.540000 7.130000
162.830000 7.350000
211.830000 7.730000
384.370000 8.590000
231.730000 7.860000
139.030000 7.120000
98.340000 6.620000
158.500000 7.310000
74.870000 6.230000
122.650000 6.940000
167.170000 7.390000
125.740000 6.970000
117.200000 6.870000
221.810000 7.790000
165.860000 7.370000
163.230000 7.350000
205.730000 7.680000
137.530000 7.100000
112.980000 6.820000
103.650000 6.700000
151.340000 7.240000
126.550000 6.980000
143.710000 7.170000
156.670000 7.290000
171.820000 7.420000
167.290000 7.390000
298.350000 8.220000
205.160000 7.680000
221.570000 7.790000
339.890000 8.410000
126.280000 6.980000
159.870000 7.320000
146.900000 7.200000
99.420000 6.640000
175.060000 7.450000
116.140000 6.860000
152.540000 7.250000
84.300000 6.400000
105.280000 6.720000
151.050000 7.240000
151.490000 7.240000
159.220000 7.310000
264.070000 8.040000
139.330000 7.120000
170.540000 7.410000
82.380000 6.360000
166.390000 7.380000
220.900000 7.790000
154.550000 7.270000
121.220000 6.920000
131.520000 7.040000
164.280000 7.360000
95.100000 6.570000
97.900000 6.610000
165.440000 7.370000
157.380000 7.300000
165.460000 7.370000
211.640000 7.730000
183.880000 7.520000
110.000000 6.780000
89.510000 6.480000
118.020000 6.880000
153.130000 7.260000
175.230000 7.450000
214.810000 7.750000
161.000000 7.330000
119.070000 6.900000
144.580000 7.180000
150.990000 7.240000
169.820000 7.410000
120.830000 6.920000
131.350000 7.040000
83.740000 6.390000
103.360000 6.690000
237.960000 7.890000
94.620000 6.560000
143.210000 7.160000
85.150000 6.410000
111.280000 6.800000
214.030000 7.740000
110.380000 6.790000
180.590000 7.500000
252.110000 7.980000
210.560000 7.720000
140.630000 7.140000
110.760000 6.790000
150.850000 7.240000
211.800000 7.730000
86.690000 6.440000
171.270000 7.420000
127.200000 6.990000
138.910000 7.120000
235.700000 7.880000
176.730000 7.470000
133.260000 7.060000
141.810000 7.150000
134.200000 7.070000
175.020000 7.450000
169.990000 7.410000
121.780000 6.930000
184.600000 7.530000
211.350000 7.720000
102.070000 6.670000
173.480000 7.440000
170.760000 7.420000
156.840000 7.290000
155.800000 7.280000
328.260000 8.360000
185.990000 7.540000
168.700000 7.400000
121.090000 6.920000
306.470000 8.260000
146.690000 7.200000
242.670000 7.920000
150.550000 7.230000
116.800000 6.870000
130.560000 7.030000
97.010000 6.600000
102.500000 6.680000
142.030000 7.150000
133.610000 7.060000
181.320000 7.500000
168.230000 7.390000
87.190000 6.450000
150.270000 7.230000
117.260000 6.870000
179.380000 7.490000
179.160000 7.490000
158.170000 7.310000
143.830000 7.170000
101.680000 6.670000
103.900000 6.700000
125.020000 6.970000
153.260000 7.260000
137.960000 7.110000
151.730000 7.250000
157.330000 7.300000
114.050000 6.830000
180.720000 7.500000
135.140000 7.080000
214.330000 7.740000
163.290000 7.350000
178.080000 7.480000
224.510000 7.810000
190.930000 7.580000
95.700000 6.580000
273.110000 8.090000
78.680000 6.300000
136.540000 7.090000
157.680000 7.300000
130.370000 7.030000
154.130000 7.270000
115.530000 6.850000
122.730000 6.940000
312.140000 8.290000
91.230000 6.510000
232.840000 7.860000
141.080000 7.140000
138.140000 7.110000
166.530000 7.380000
124.770000 6.960000
133.700000 7.060000
150.000000 7.230000
80.010000 6.320000
158.550000 7.310000
181.600000 7.500000
276.800000 8.110000
134.790000 7.070000
225.930000 7.820000
71.150000 6.150000
130.940000 7.030000
163.060000 7.350000
173.190000 7.440000
57.680000 5.850000
129.070000 7.010000
155.550000 7.280000
142.700000 7.160000
155.840000 7.280000
135.160000 7.080000
123.490000 6.950000
139.420000 7.120000
192.470000 7.590000
208.210000 7.700000
114.540000 6.840000
70.160000 6.130000
165.640000 7.370000
163.120000 7.350000
152.940000 7.260000
168.010000 7.390000
196.660000 7.620000
107.910000 6.750000
147.300000 7.200000
168.210000 7.390000
225.810000 7.820000
135.940000 7.090000
179.480000 7.490000
133.150000 7.060000
166.790000 7.380000
147.180000 7.200000
87.120000 6.440000
71.580000 6.160000
144.470000 7.170000
143.630000 7.170000
205.010000 7.680000
192.450000 7.590000
101.390000 6.660000
142.910000 7.160000
131.920000 7.040000
170.200000 7.410000
121.140000 6.920000
127.070000 6.990000
234.720000 7.870000
153.210000 7.260000
152.420000 7.250000
134.620000 7.070000
97.170000 6.600000
218.310000 7.770000
114.750000 6.840000
160.300000 7.320000
123.090000 6.940000
179.680000 7.490000
127.390000 6.990000
76.690000 6.260000
125.290000 6.970000
162.420000 7.340000
159.690000 7.320000
149.690000 7.230000
211.060000 7.720000
102.930000 6.690000
182.270000 7.510000
86.960000 6.440000
159.950000 7.320000
142.210000 7.150000
120.410000 6.910000
160.240000 7.320000
155.040000 7.280000
82.340000 6.360000
122.960000 6.940000
125.850000 6.980000
107.930000 6.750000
151.960000 7.250000
145.270000 7.180000
154.620000 7.270000
69.850000 6.130000
165.740000 7.370000
173.520000 7.440000
147.410000 7.200000
142.760000 7.160000
193.730000 7.600000
137.950000 7.110000
193.460000 7.600000
175.730000 7.460000
190.090000 7.570000
76.560000 6.260000
149.900000 7.230000
122.340000 6.930000
155.570000 7.280000
167.740000 7.390000
285.470000 8.160000
153.760000 7.260000
230.780000 7.850000
135.200000 7.080000
133.480000 7.060000
160.580000 7.330000
187.570000 7.550000
115.260000 6.850000
195.630000 7.610000
146.770000 7.200000
129.150000 7.010000
150.030000 7.230000
122.170000 6.930000
100.220000 6.650000
175.300000 7.450000
292.600000 8.190000
185.990000 7.540000
140.220000 7.130000
129.870000 7.020000
87.480000 6.450000
211.730000 7.730000
164.600000 7.360000
125.770000 6.970000
201.810000 7.660000
197.890000 7.630000
109.380000 6.770000
254.890000 7.990000
149.440000 7.220000
297.540000 8.220000
125.000000 6.970000
134.790000 7.070000
150.270000 7.230000
160.410000 7.330000
150.910000 7.240000
148.120000 7.210000
205.160000 7.680000
218.330000 7.770000
97.270000 6.600000
56.610000 5.820000
203.920000 7.670000
134.030000 7.070000
197.450000 7.630000
147.820000 7.210000
331.450000 8.370000
85.620000 6.420000
189.850000 7.570000
126.900000 6.990000
192.950000 7.590000
120.270000 6.910000
175.760000 7.460000
128.740000 7.010000
166.830000 7.380000
111.660000 6.800000
166.110000 7.380000
174.020000 7.440000
153.270000 7.260000
147.330000 7.200000
141.930000 7.150000
153.260000 7.260000
206.270000 7.690000
114.080000 6.830000
185.660000 7.540000
147.820000 7.210000
82.030000 6.360000
110.790000 6.790000
264.870000 8.050000
101.860000 6.670000
125.480000 6.970000
157.750000 7.300000
201.180000 7.650000
105.790000 6.730000
203.130000 7.670000
94.010000 6.550000
192.650000 7.590000
203.080000 7.670000
128.470000 7.010000
85.830000 6.420000
252.710000 7.980000
151.500000 7.240000
235.930000 7.880000
138.000000 7.110000
105.030000 6.710000
162.450000 7.340000
93.170000 6.540000
119.450000 6.900000
161.580000 7.340000
269.110000 8.070000
110.610000 6.790000
120.050000 6.910000
230.950000 7.850000
86.590000 6.440000
212.050000 7.730000
92.060000 6.520000
79.130000 6.310000
146.140000 7.190000
148.670000 7.220000
102.400000 6.680000
192.250000 7.590000
101.840000 6.670000
148.000000 7.210000
149.820000 7.230000
164.090000 7.360000
188.050000 7.550000
188.180000 7.560000
166.410000 7.380000
147.260000 7.200000
319.140000 8.320000
161.620000 7.340000
149.600000 7.220000
195.050000 7.610000
119.150000 6.900000
145.660000 7.190000
177.520000 7.470000
141.450000 7.140000
148.260000 7.210000
97.530000 6.610000
102.740000 6.680000
180.540000 7.500000
147.280000 7.200000
108.310000 6.760000
65.670000 6.040000
128.990000 7.010000
176.400000 7.460000
117.790000 6.880000
130.550000 7.030000
110.110000 6.780000
190.080000 7.570000
178.120000 7.480000
166.600000 7.380000
147.050000 7.200000
74.200000 6.210000
154.180000 7.270000
154.790000 7.270000
160.060000 7.320000
83.660000 6.390000
119.290000 6.900000
137.750000 7.110000
140.840000 7.140000
156.860000 7.290000
124.430000 6.960000
156.700000 7.290000
139.570000 7.120000
76.060000 6.250000
120.780000 6.920000
83.940000 6.390000
137.100000 7.100000
123.140000 6.940000
94.990000 6.570000
159.190000 7.310000
145.600000 7.190000
153.610000 7.260000
95.790000 6.580000
196.430000 7.620000
156.790000 7.290000
165.370000 7.370000
158.640000 7.310000
157.910000 7.300000
264.380000 8.050000
136.890000 7.100000
164.360000 7.360000
160.620000 7.330000
213.740000 7.740000
193.910000 7.600000
154.940000 7.280000
58.270000 5.860000
167.160000 7.390000
256.990000 8.010000
137.930000 7.110000
242.680000 7.920000
174.470000 7.450000
137.930000 7.110000
196.970000 7.620000
194.060000 7.600000
150.360000 7.230000
141.970000 7.150000
108.310000 6.760000
160.590000 7.330000
220.920000 7.790000
137.030000 7.100000
168.370000 7.400000
168.390000 7.400000
153.910000 7.270000
80.450000 6.330000
156.560000 7.290000
157.430000 7.300000
159.370000 7.320000
254.780000 7.990000
138.460000 7.110000
141.410000 7.140000
148.190000 7.210000
176.830000 7.470000
156.210000 7.290000
299.260000 8.230000
206.930000 7.690000
95.540000 6.580000
136.950000 7.100000
180.900000 7.500000
92.000000 6.520000
92.850000 6.540000
173.450000 7.440000
67.650000 6.080000
153.160000 7.260000
214.740000 7.750000
141.500000 7.140000
134.050000 7.070000
157.200000 7.300000
165.340000 7.370000
184.330000 7.530000
186.870000 7.550000
144.760000 7.180000
150.680000 7.240000
121.490000 6.920000
151.750000 7.250000
151.240000 7.240000
102.320000 6.680000
215.470000 7.750000
165.830000 7.370000
122.760000 6.940000
165.260000 7.370000
222.680000 7.800000
134.990000 7.080000
158.570000 7.310000
340.030000 8.410000
129.980000 7.020000
82.510000 6.370000
131.460000 7.040000
120.260000 6.910000
157.140000 7.300000
159.110000 7.310000
153.330000 7.260000
53.400000 5.740000
175.610000 7.460000
271.570000 8.090000
249.450000 7.960000
177.500000 7.470000
161.220000 7.330000
177.790000 7.470000
276.420000 8.110000
158.330000 7.310000
239.520000 7.900000
132.460000 7.050000
117.520000 6.880000
180.940000 7.500000
103.280000 6.690000
172.020000 7.430000
143.710000 7.170000
194.510000 7.600000
115.390000 6.850000
172.210000 7.430000
140.830000 7.140000
126.910000 6.990000
185.750000 7.540000
98.240000 6.620000
154.390000 7.270000
273.830000 8.100000
148.480000 7.210000
137.850000 7.110000
174.300000 7.450000
185.740000 7.540000
235.020000 7.880000
108.280000 6.760000
78.110000 6.290000
151.390000 7.240000
128.130000 7.000000
345.910000 8.430000
139.000000 7.120000
200.900000 7.650000
81.400000 6.350000
192.380000 7.590000
141.680000 7.150000
107.670000 6.750000
170.270000 7.410000
273.980000 8.100000
174.820000 7.450000
142.730000 7.160000
106.340000 6.730000
134.200000 7.070000
53.560000 5.740000
199.430000 7.640000
110.700000 6.790000
145.910000 7.190000
138.060000 7.110000
146.020000 7.190000
105.490000 6.720000
149.410000 7.220000
179.130000 7.480000
175.460000 7.450000
59.190000 5.890000
161.020000 7.330000
90.380000 6.500000
75.930000 6.250000
79.450000 6.310000
162.500000 7.340000
123.130000 6.940000
182.910000 7.510000
230.420000 7.850000
136.970000 7.100000
122.430000 6.940000
117.660000 6.880000
55.460000 5.790000
162.040000 7.340000
139.890000 7.130000
111.600000 6.800000
154.420000 7.270000
86.690000 6.440000
99.550000 6.640000
113.880000 6.830000
114.430000 6.840000
180.400000 7.500000
131.040000 7.030000
138.190000 7.110000
116.210000 6.860000
141.420000 7.140000
146.160000 7.190000
129.460000 7.020000
119.900000 6.910000
75.890000 6.250000
237.110000 7.890000
67.900000 6.090000
154.650000 7.270000
163.270000 7.350000
132.140000 7.050000
158.200000 7.310000
168.820000 7.400000
205.940000 7.690000
271.820000 8.090000
187.610000 7.550000
113.930000 6.830000
124.890000 6.960000
162.880000 7.350000
147.220000 7.200000
101.410000 6.660000
173.200000 7.440000
124.150000 6.960000
274.770000 8.100000
162.490000 7.340000
157.090000 7.300000
87.290000 6.450000
163.250000 7.350000
138.300000 7.110000
112.340000 6.810000
153.220000 7.260000
103.830000 6.700000
233.340000 7.870000
68.570000 6.100000
143.080000 7.160000
79.270000 6.310000
141.900000 7.150000
230.700000 7.850000
154.170000 7.270000
167.190000 7.390000
70.100000 6.130000
167.390000 7.390000
157.270000 7.300000
208.810000 7.710000
154.650000 7.270000
122.290000 6.930000
242.860000 7.920000
153.060000 7.260000
254.230000 7.990000
199.580000 7.640000
176.190000 7.460000
114.240000 6.840000
144.590000 7.180000
134.680000 7.070000
153.230000 7.260000
108.320000 6.760000
191.180000 7.580000
174.520000 7.450000
146.520000 7.190000
113.080000 6.820000
152.280000 7.250000
152.130000 7.250000
133.600000 7.060000
148.460000 7.210000
153.570000 7.260000
160.370000 7.330000
131.890000 7.040000
76.440000 6.260000
157.930000 7.300000
152.900000 7.260000
161.960000 7.340000
170.780000 7.420000
164.610000 7.360000
151.490000 7.240000
107.100000 6.740000
135.120000 7.080000
159.940000 7.320000
89.010000 6.480000
224.420000 7.810000
118.600000 6.890000
158.810000 7.310000
113.840000 6.830000
139.370000 7.120000
363.970000 8.510000
86.260000 6.430000
251.070000 7.970000
154.750000 7.270000
139.800000 7.130000
144.920000 7.180000
171.640000 7.420000
169.240000 7.400000
174.780000 7.450000
180.040000 7.490000
135.580000 7.080000
181.570000 7.500000
167.760000 7.390000
132.420000 7.050000
98.280000 6.620000
179.850000 7.490000
132.940000 7.050000
240.130000 7.910000
133.350000 7.060000
133.890000 7.060000
91.050000 6.510000
132.710000 7.050000
141.420000 7.140000
97.420000 6.610000
184.200000 7.530000
171.440000 7.420000
92.620000 6.530000
145.750000 7.190000
102.250000 6.680000
121.220000 6.920000
173.640000 7.440000
177.920000 7.480000
154.460000 7.270000
93.620000 6.550000
150.180000 7.230000
210.890000 7.720000
193.840000 7.600000
172.460000 7.430000
108.720000 6.760000
132.290000 7.050000
71.250000 6.150000
263.680000 8.040000
79.780000 6.320000
166.470000 7.380000
100.670000 6.650000
222.890000 7.800000
156.320000 7.290000
137.490000 7.100000
96.180000 6.590000
150.370000 7.230000
150.470000 7.230000
177.080000 7.470000
150.480000 7.230000
87.290000 6.450000
188.270000 7.560000
161.630000 7.340000
156.640000 7.290000
133.600000 7.060000
139.790000 7.130000
121.540000 6.930000
117.930000 6.880000
84.270000 6.400000
78.120000 6.290000
235.730000 7.880000
111.290000 6.800000
210.390000 7.720000
226.330000 7.820000
155.320000 7.280000
161.260000 7.330000
139.600000 7.130000
205.480000 7.680000
152.940000 7.260000
210.670000 7.720000
175.100000 7.450000
153.250000 7.260000
97.900000 6.610000
163.170000 7.350000
107.440000 6.750000
138.900000 7.120000
108.950000 6.770000
147.380000 7.200000
95.770000 6.580000
177.970000 7.480000
177.910000 7.480000
154.420000 7.270000
177.250000 7.470000
281.370000 8.140000
140.460000 7.130000
161.870000 7.340000
122.960000 6.940000
118.330000 6.890000
71.220000 6.150000
227.020000 7.830000
202.460000 7.660000
153.160000 7.260000
170.180000 7.410000
137.580000 7.100000
171.140000 7.420000
103.950000 6.700000
125.030000 6.970000
121.340000 6.920000
180.870000 7.500000
175.120000 7.450000
145.230000 7.180000
71.020000 6.150000
125.920000 6.980000
147.800000 7.210000
157.880000 7.300000
161.370000 7.330000
111.940000 6.810000
181.340000 7.500000
128.140000 7.000000
292.960000 8.190000
81.930000 6.360000
123.860000 6.950000
100.810000 6.660000
173.850000 7.440000
175.340000 7.450000
93.720000 6.550000
214.890000 7.750000
56.820000 5.830000
147.660000 7.210000
141.490000 7.140000
73.470000 6.200000
170.160000 7.410000
59.000000 5.880000
58.900000 5.880000
138.390000 7.110000
207.390000 7.700000
151.080000 7.240000
154.730000 7.270000
197.560000 7.630000
162.530000 7.340000
161.450000 7.330000
138.920000 7.120000
112.480000 6.810000
