131.820000 7.040000
100.490000 6.650000
140.410000 7.130000
85.070000 6.410000
215.430000 7.750000
159.720000 7.320000
412.910000 8.690000
146.760000 7.200000
189.150000 7.560000
158.070000 7.300000
143.060000 7.160000
194.300000 7.600000
102.720000 6.680000
154.380000 7.270000
163.720000 7.360000
174.170000 7.440000
251.710000 7.980000
173.960000 7.440000
118.410000 6.890000
146.520000 7.190000
137.070000 7.100000
183.200000 7.520000
176.660000 7.460000
209.800000 7.710000
147.920000 7.210000
197.340000 7.620000
229.270000 7.840000
239.100000 7.900000
158.200000 7.310000
238.360000 7.900000
151.540000 7.240000
181.180000 7.500000
174.670000 7.450000
242.580000 7.920000
133.490000 7.060000
149.060000 7.220000
136.600000 7.090000
121.930000 6.930000
169.900000 7.410000
124.250000 6.960000
62.530000 5.970000
135.500000 7.080000
149.270000 7.220000
130.170000 7.020000
166.210000 7.380000
191.690000 7.580000
218.940000 7.770000
147.850000 7.210000
267.660000 8.060000
143.040000 7.160000
126.630000 6.980000
205.740000 7.680000
147.710000 7.210000
162.050000 7.340000
201.340000 7.650000
116.700000 6.870000
162.740000 7.350000
100.400000 6.650000
139.180000 7.120000
116.130000 6.860000
115.150000 6.850000
164.360000 7.360000
155.980000 7.290000
185.200000 7.530000
127.030000 6.990000
163.440000 7.350000
104.590000 6.710000
193.420000 7.600000
154.490000 7.270000
216.550000 7.760000
112.310000 6.810000
149.730000 7.230000
167.440000 7.390000
141.310000 7.140000
191.850000 7.580000
106.060000 6.730000
124.610000 6.960000
189.660000 7.570000
154.840000 7.270000
209.260000 7.710000
190.580000 7.570000
152.070000 7.250000
112.630000 6.820000
134.880000 7.080000
194.910000 7.610000
156.430000 7.290000
142.640000 7.160000
224.670000 7.810000
105.210000 6.720000
165.860000 7.370000
149.300000 7.220000
152.290000 7.250000
165.060000 7.370000
173.500000 7.440000
130.590000 7.030000
143.920000 7.170000
139.670000 7.130000
106.060000 6.730000
139.320000 7.120000
209.370000 7.710000
157.730000 7.300000
152.720000 7.250000
147.140000 7.200000
218.990000 7.770000
108.560000 6.760000
167.670000 7.390000
257.800000 8.010000
329.690000 8.360000
112.900000 6.820000
139.370000 7.120000
142.790000 7.160000
134.640000 7.070000
193.320000 7.590000
93.950000 6.550000
163.160000 7.350000
150.490000 7.230000
96.550000 6.590000
174.600000 7.450000
122.260000 6.930000
153.850000 7.270000
149.130000 7.220000
144.570000 7.180000
92.380000 6.530000
156.960000 7.290000
124.990000 6.970000
175.770000 7.460000
118.020000 6.880000
161.530000 7.340000
260.050000 8.020000
220.970000 7.790000
138.670000 7.120000
163.660000 7.350000
144.140000 7.170000
98.180000 6.620000
149.160000 7.220000
246.140000 7.940000
130.330000 7.030000
119.150000 6.900000
129.900000 7.020000
102.310000 6.680000
225.350000 7.820000
172.540000 7.430000
164.820000 7.360000
151.230000 7.240000
202.630000 7.660000
171.480000 7.420000
155.140000 7.280000
179.630000 7.490000
187.570000 7.550000
180.630000 7.500000
133.220000 7.060000
114.340000 6.840000
133.400000 7.060000
130.680000 7.030000
144.050000 7.170000
159.180000 7.310000
55.290000 5.790000
225.060000 7.810000
155.260000 7.280000
66.070000 6.050000
177.130000 7.470000
271.210000 8.080000
148.270000 7.210000
154.880000 7.280000
119.420000 6.900000
242.500000 7.920000
141.320000 7.140000
145.600000 7.190000
139.380000 7.120000
164.090000 7.360000
229.740000 7.840000
286.490000 8.160000
151.620000 7.240000
217.470000 7.760000
172.410000 7.430000
130.190000 7.020000
186.490000 7.540000
179.510000 7.490000
137.780000 7.110000
193.120000 7.590000
169.880000 7.410000
91.280000 6.510000
88.240000 6.460000
155.520000 7.280000
160.000000 7.320000
153.250000 7.260000
108.050000 6.760000
162.680000 7.350000
153.300000 7.260000
208.610000 7.700000
207.050000 7.690000
154.240000 7.270000
139.260000 7.120000
101.620000 6.670000
150.950000 7.240000
158.500000 7.310000
124.450000 6.960000
151.550000 7.240000
128.730000 7.010000
114.500000 6.840000
161.570000 7.340000
239.830000 7.910000
137.990000 7.110000
99.270000 6.630000
106.010000 6.730000
131.060000 7.030000
200.050000 7.640000
164.620000 7.360000
112.900000 6.820000
45.050000 5.490000
155.330000 7.280000
207.500000 7.700000
137.480000 7.100000
155.450000 7.280000
210.590000 7.720000
371.950000 8.540000
223.070000 7.800000
136.420000 7.090000
100.690000 6.650000
158.790000 7.310000
75.850000 6.240000
124.380000 6.960000
162.420000 7.340000
125.740000 6.970000
111.550000 6.800000
218.130000 7.770000
162.260000 7.340000
159.250000 7.320000
196.980000 7.620000
140.930000 7.140000
108.240000 6.760000
101.440000 6.660000
147.340000 7.200000
121.200000 6.920000
137.750000 7.110000
152.810000 7.260000
172.730000 7.430000
169.140000 7.400000
303.190000 8.240000
198.370000 7.630000
224.980000 7.810000
329.410000 8.360000
124.090000 6.960000
152.840000 7.260000
140.260000 7.130000
98.230000 6.620000
171.280000 7.420000
112.840000 6.820000
147.120000 7.200000
83.940000 6.390000
104.690000 6.710000
146.860000 7.200000
144.870000 7.180000
155.230000 7.280000
265.740000 8.050000
136.790000 7.100000
166.670000 7.380000
82.710000 6.370000
159.700000 7.320000
217.870000 7.770000
149.490000 7.220000
118.500000 6.890000
125.280000 6.970000
160.980000 7.330000
96.780000 6.600000
105.170000 6.720000
160.770000 7.330000
151.850000 7.250000
159.520000 7.320000
205.540000 7.680000
189.960000 7.570000
110.760000 6.790000
89.630000 6.490000
114.870000 6.840000
147.510000 7.200000
170.900000 7.420000
216.810000 7.760000
153.950000 7.270000
121.790000 6.930000
139.760000 7.130000
146.780000 7.200000
168.560000 7.400000
118.430000 6.890000
128.890000 7.010000
84.820000 6.410000
106.480000 6.730000
233.550000 7.870000
98.110000 6.620000
137.730000 7.110000
84.080000 6.390000
109.370000 6.770000
222.810000 7.800000
108.280000 6.760000
174.720000 7.450000
250.320000 7.970000
210.920000 7.720000
134.870000 7.080000
107.180000 6.740000
145.400000 7.180000
210.560000 7.720000
86.610000 6.440000
164.830000 7.360000
122.880000 6.940000
215.410000 7.750000
249.710000 7.960000
168.800000 7.400000
131.920000 7.040000
143.760000 7.170000
136.730000 7.100000
168.920000 7.400000
171.570000 7.420000
120.350000 6.910000
173.420000 7.440000
206.910000 7.690000
101.000000 6.660000
176.740000 7.470000
161.810000 7.340000
153.170000 7.260000
150.000000 7.230000
331.780000 8.370000
191.340000 7.580000
164.900000 7.370000
122.560000 6.940000
299.160000 8.220000
148.720000 7.220000
248.070000 7.950000
143.100000 7.160000
127.600000 7.000000
129.810000 7.020000
102.030000 6.670000
102.110000 6.670000
137.910000 7.110000
127.450000 6.990000
174.330000 7.450000
161.980000 7.340000
91.890000 6.520000
145.540000 7.190000
116.590000 6.870000
176.500000 7.460000
175.040000 7.450000
154.070000 7.270000
138.720000 7.120000
99.380000 6.630000
104.420000 6.710000
121.840000 6.930000
147.080000 7.200000
132.900000 7.050000
147.640000 7.210000
153.100000 7.260000
113.710000 6.830000
175.760000 7.460000
133.220000 7.060000
217.180000 7.760000
159.500000 7.320000
172.660000 7.430000
220.240000 7.780000
189.640000 7.570000
95.420000 6.580000
268.250000 8.070000
106.660000 6.740000
134.480000 7.070000
153.460000 7.260000
127.510000 6.990000
148.870000 7.220000
120.760000 6.920000
118.750000 6.890000
306.270000 8.260000
91.550000 6.520000
240.350000 7.910000
137.340000 7.100000
135.300000 7.080000
161.760000 7.340000
122.920000 6.940000
130.470000 7.030000
144.740000 7.180000
80.390000 6.330000
154.300000 7.270000
176.590000 7.460000
275.490000 8.110000
130.230000 7.020000
215.610000 7.750000
121.850000 6.930000
127.230000 6.990000
157.260000 7.300000
167.120000 7.380000
85.850000 6.420000
135.200000 7.080000
155.660000 7.280000
139.140000 7.120000
157.470000 7.300000
134.250000 7.070000
125.050000 6.970000
132.650000 7.050000
191.910000 7.580000
208.490000 7.700000
110.320000 6.790000
70.110000 6.130000
159.200000 7.310000
158.480000 7.310000
147.660000 7.210000
162.580000 7.350000
197.540000 7.630000
109.920000 6.780000
145.080000 7.180000
158.120000 7.300000
218.950000 7.770000
137.480000 7.100000
174.090000 7.440000
130.990000 7.030000
159.180000 7.310000
137.930000 7.110000
93.330000 6.540000
71.410000 6.160000
139.070000 7.120000
140.150000 7.130000
216.580000 7.760000
200.010000 7.640000
102.770000 6.680000
149.850000 7.230000
130.960000 7.030000
164.760000 7.360000
119.490000 6.900000
129.380000 7.020000
233.930000 7.870000
149.520000 7.220000
147.710000 7.210000
131.740000 7.040000
98.040000 6.620000
214.060000 7.740000
115.610000 6.850000
156.940000 7.290000
120.060000 6.910000
173.490000 7.440000
125.010000 6.970000
80.670000 6.330000
124.850000 6.960000
158.330000 7.310000
156.460000 7.290000
145.400000 7.180000
211.770000 7.730000
103.040000 6.690000
179.380000 7.490000
86.650000 6.440000
155.370000 7.280000
143.240000 7.160000
116.720000 6.870000
155.600000 7.280000
157.960000 7.300000
83.930000 6.390000
120.890000 6.920000
125.730000 6.970000
109.280000 6.770000
146.140000 7.190000
142.550000 7.160000
148.350000 7.210000
69.380000 6.120000
161.630000 7.340000
169.570000 7.410000
142.520000 7.160000
138.980000 7.120000
187.410000 7.550000
141.460000 7.140000
189.290000 7.560000
178.040000 7.480000
187.470000 7.550000
76.740000 6.260000
145.220000 7.180000
119.160000 6.900000
152.400000 7.250000
162.690000 7.350000
282.200000 8.140000
148.620000 7.220000
230.030000 7.850000
129.390000 7.020000
130.420000 7.030000
153.910000 7.270000
184.800000 7.530000
116.490000 6.860000
189.470000 7.570000
141.710000 7.150000
126.630000 6.980000
147.030000 7.200000
119.920000 6.910000
101.970000 6.670000
168.960000 7.400000
291.960000 8.190000
178.440000 7.480000
136.690000 7.090000
127.250000 6.990000
89.740000 6.490000
206.460000 7.690000
157.010000 7.290000
136.020000 7.090000
210.970000 7.720000
189.580000 7.570000
110.670000 6.790000
255.230000 8.000000
146.830000 7.200000
294.030000 8.200000
121.580000 6.930000
131.160000 7.040000
144.270000 7.170000
154.600000 7.270000
147.200000 7.200000
142.510000 7.150000
202.860000 7.660000
214.350000 7.740000
96.880000 6.600000
61.130000 5.930000
197.790000 7.630000
133.270000 7.060000
201.430000 7.650000
141.680000 7.150000
344.560000 8.430000
86.280000 6.430000
191.800000 7.580000
123.590000 6.950000
188.940000 7.560000
122.550000 6.940000
176.370000 7.460000
127.100000 6.990000
175.620000 7.460000
112.610000 6.820000
162.180000 7.340000
168.670000 7.400000
149.900000 7.230000
143.540000 7.170000
136.680000 7.090000
152.280000 7.250000
199.680000 7.640000
111.090000 6.800000
178.980000 7.480000
143.560000 7.170000
83.080000 6.380000
113.550000 6.830000
259.210000 8.020000
100.390000 6.650000
123.330000 6.950000
152.170000 7.250000
196.380000 7.620000
104.790000 6.710000
198.510000 7.630000
93.640000 6.550000
193.420000 7.600000
196.140000 7.620000
123.990000 6.950000
122.730000 6.940000
247.330000 7.950000
147.750000 7.210000
224.960000 7.810000
133.660000 7.060000
104.410000 6.710000
166.100000 7.380000
92.620000 6.530000
119.020000 6.900000
158.210000 7.310000
266.730000 8.060000
108.450000 6.760000
121.350000 6.920000
236.520000 7.890000
87.960000 6.460000
206.650000 7.690000
96.710000 6.600000
86.080000 6.430000
142.230000 7.150000
151.370000 7.240000
104.750000 6.710000
190.220000 7.570000
103.640000 6.700000
142.820000 7.160000
146.230000 7.190000
169.510000 7.410000
182.170000 7.510000
182.270000 7.510000
164.270000 7.360000
146.510000 7.190000
316.540000 8.310000
158.690000 7.310000
148.210000 7.210000
189.990000 7.570000
129.280000 7.010000
149.430000 7.220000
183.030000 7.520000
140.860000 7.140000
143.230000 7.160000
98.560000 6.620000
101.080000 6.660000
176.110000 7.460000
142.480000 7.150000
108.180000 6.760000
66.120000 6.050000
125.660000 6.970000
181.240000 7.500000
114.150000 6.830000
130.050000 7.020000
114.090000 6.830000
184.750000 7.530000
178.080000 7.480000
153.590000 7.260000
145.900000 7.190000
74.320000 6.220000
155.660000 7.280000
149.960000 7.230000
153.270000 7.260000
81.570000 6.350000
120.360000 6.910000
134.840000 7.080000
139.330000 7.120000
150.190000 7.230000
124.860000 6.960000
152.950000 7.260000
138.510000 7.110000
76.770000 6.260000
120.680000 6.920000
85.560000 6.420000
133.550000 7.060000
120.290000 6.910000
96.110000 6.590000
154.060000 7.270000
143.350000 7.160000
149.040000 7.220000
96.790000 6.600000
202.220000 7.660000
153.930000 7.270000
159.940000 7.320000
152.790000 7.260000
152.930000 7.260000
251.830000 7.980000
141.610000 7.150000
162.770000 7.350000
154.230000 7.270000
212.580000 7.730000
185.650000 7.540000
146.390000 7.190000
57.720000 5.850000
169.000000 7.400000
253.760000 7.990000
133.670000 7.060000
247.600000 7.950000
176.960000 7.470000
134.270000 7.070000
190.870000 7.580000
187.940000 7.550000
144.710000 7.180000
138.000000 7.110000
108.080000 6.760000
154.870000 7.270000
208.220000 7.700000
131.790000 7.040000
160.630000 7.330000
174.890000 7.450000
149.300000 7.220000
81.600000 6.350000
151.310000 7.240000
152.240000 7.250000
162.490000 7.340000
244.730000 7.940000
135.650000 7.080000
136.210000 7.090000
153.200000 7.260000
168.310000 7.400000
152.200000 7.250000
307.630000 8.270000
203.330000 7.670000
96.780000 6.600000
131.200000 7.040000
179.010000 7.480000
91.660000 6.520000
91.040000 6.510000
164.220000 7.360000
70.680000 6.140000
148.330000 7.210000
206.540000 7.690000
137.310000 7.100000
131.680000 7.040000
153.410000 7.260000
158.830000 7.310000
178.360000 7.480000
177.680000 7.470000
140.780000 7.140000
148.160000 7.210000
116.910000 6.870000
147.970000 7.210000
148.900000 7.220000
101.880000 6.670000
215.900000 7.750000
161.160000 7.330000
124.310000 6.960000
153.570000 7.260000
212.990000 7.730000
130.090000 7.020000
154.710000 7.270000
341.980000 8.420000
129.730000 7.020000
82.000000 6.360000
128.390000 7.000000
121.430000 6.920000
150.530000 7.230000
152.160000 7.250000
150.720000 7.240000
97.580000 6.610000
170.400000 7.410000
278.320000 8.120000
246.210000 7.940000
174.540000 7.450000
156.420000 7.290000
178.060000 7.480000
262.600000 8.040000
160.570000 7.330000
237.380000 7.890000
133.340000 7.060000
120.090000 6.910000
175.160000 7.450000
104.530000 6.710000
159.680000 7.320000
137.840000 7.110000
188.030000 7.550000
124.300000 6.960000
166.030000 7.380000
135.430000 7.080000
125.160000 6.970000
182.150000 7.510000
97.620000 6.610000
149.900000 7.230000
267.450000 8.060000
157.380000 7.300000
135.710000 7.080000
174.660000 7.450000
186.190000 7.540000
239.480000 7.900000
107.250000 6.740000
78.050000 6.290000
146.360000 7.190000
125.280000 6.970000
332.920000 8.380000
134.690000 7.070000
195.740000 7.610000
82.690000 6.370000
193.150000 7.590000
140.110000 7.130000
105.450000 6.720000
162.890000 7.350000
270.620000 8.080000
167.890000 7.390000
139.520000 7.120000
113.340000 6.820000
132.010000 7.040000
52.320000 5.710000
199.550000 7.640000
115.570000 6.850000
142.430000 7.150000
139.880000 7.130000
142.400000 7.150000
106.570000 6.740000
145.600000 7.190000
172.330000 7.430000
168.110000 7.390000
102.600000 6.680000
157.030000 7.290000
90.640000 6.500000
141.840000 7.150000
83.030000 6.380000
157.300000 7.300000
119.120000 6.900000
182.930000 7.520000
231.350000 7.850000
134.780000 7.070000
124.060000 6.950000
114.830000 6.840000
55.470000 5.790000
159.110000 7.310000
138.050000 7.110000
112.170000 6.810000
148.820000 7.220000
87.650000 6.450000
97.380000 6.610000
112.380000 6.810000
113.290000 6.820000
170.440000 7.410000
130.610000 7.030000
133.710000 7.060000
115.780000 6.860000
135.820000 7.090000
141.670000 7.150000
127.440000 6.990000
122.160000 6.930000
78.590000 6.300000
232.510000 7.860000
68.920000 6.110000
149.300000 7.220000
158.120000 7.300000
129.010000 7.010000
152.410000 7.250000
163.710000 7.360000
212.250000 7.730000
265.020000 8.050000
180.450000 7.500000
108.010000 6.750000
122.480000 6.940000
166.530000 7.380000
143.820000 7.170000
99.080000 6.630000
175.980000 7.460000
124.790000 6.960000
277.690000 8.120000
157.280000 7.300000
153.100000 7.260000
86.450000 6.430000
158.190000 7.310000
136.270000 7.090000
114.700000 6.840000
148.680000 7.220000
100.850000 6.660000
230.070000 7.850000
69.140000 6.110000
139.330000 7.120000
79.620000 6.320000
138.810000 7.120000
228.940000 7.840000
148.070000 7.210000
161.050000 7.330000
71.660000 6.160000
162.500000 7.340000
152.860000 7.260000
211.060000 7.720000
148.280000 7.210000
122.370000 6.940000
246.280000 7.940000
156.930000 7.290000
267.850000 8.070000
196.860000 7.620000
168.120000 7.390000
112.140000 6.810000
140.160000 7.130000
129.250000 7.010000
148.430000 7.210000
110.050000 6.780000
193.740000 7.600000
174.250000 7.450000
150.980000 7.240000
121.730000 6.930000
148.980000 7.220000
150.630000 7.230000
129.620000 7.020000
144.510000 7.180000
150.740000 7.240000
161.860000 7.340000
129.550000 7.020000
72.880000 6.190000
157.250000 7.300000
147.280000 7.200000
157.230000 7.300000
162.450000 7.340000
157.010000 7.290000
154.710000 7.270000
104.340000 6.710000
134.530000 7.070000
162.460000 7.340000
85.480000 6.420000
228.900000 7.840000
116.970000 6.870000
154.290000 7.270000
110.780000 6.790000
135.750000 7.080000
378.410000 8.560000
85.860000 6.420000
250.330000 7.970000
153.130000 7.260000
135.830000 7.090000
139.700000 7.130000
163.670000 7.350000
160.330000 7.320000
166.070000 7.380000
173.790000 7.440000
133.100000 7.060000
179.580000 7.490000
162.640000 7.350000
129.790000 7.020000
95.570000 6.580000
189.360000 7.570000
133.160000 7.060000
231.660000 7.860000
130.970000 7.030000
128.180000 7.000000
91.970000 6.520000
130.880000 7.030000
136.600000 7.090000
95.540000 6.580000
178.160000 7.480000
165.500000 7.370000
98.360000 6.620000
142.230000 7.150000
104.280000 6.700000
132.660000 7.050000
167.750000 7.390000
170.450000 7.410000
149.820000 7.230000
93.880000 6.550000
144.180000 7.170000
222.550000 7.800000
187.570000 7.550000
172.030000 7.430000
109.980000 6.780000
140.410000 7.130000
71.470000 6.160000
253.070000 7.980000
85.760000 6.420000
160.310000 7.320000
101.660000 6.670000
215.240000 7.750000
151.890000 7.250000
132.790000 7.050000
97.120000 6.600000
146.710000 7.200000
157.260000 7.300000
169.100000 7.400000
148.030000 7.210000
88.210000 6.460000
180.580000 7.500000
157.040000 7.300000
154.320000 7.270000
133.380000 7.060000
136.330000 7.090000
118.930000 6.890000
116.380000 6.860000
84.480000 6.400000
77.770000 6.280000
234.770000 7.880000
112.280000 6.810000
199.380000 7.640000
223.960000 7.810000
147.860000 7.210000
159.230000 7.310000
137.140000 7.100000
217.830000 7.770000
148.000000 7.210000
208.010000 7.700000
184.560000 7.530000
147.050000 7.200000
101.720000 6.670000
158.660000 7.310000
110.810000 6.790000
136.870000 7.100000
107.060000 6.740000
143.460000 7.160000
95.820000 6.580000
172.400000 7.430000
178.960000 7.480000
150.360000 7.230000
172.010000 7.430000
285.450000 8.160000
138.120000 7.110000
158.120000 7.300000
124.250000 6.960000
118.330000 6.890000
72.260000 6.180000
230.550000 7.850000
203.550000 7.670000
149.640000 7.230000
163.710000 7.350000
133.960000 7.070000
166.580000 7.380000
102.560000 6.680000
121.910000 6.930000
118.790000 6.890000
169.010000 7.400000
169.610000 7.410000
139.390000 7.120000
71.000000 6.150000
130.930000 7.030000
143.090000 7.160000
154.940000 7.280000
157.750000 7.300000
110.840000 6.790000
174.920000 7.450000
124.080000 6.960000
295.890000 8.210000
81.330000 6.350000
125.440000 6.970000
102.770000 6.680000
169.640000 7.410000
179.960000 7.490000
94.090000 6.560000
206.170000 7.690000
58.150000 5.860000
150.660000 7.240000
138.530000 7.110000
74.430000 6.220000
164.360000 7.360000
57.970000 5.860000
58.370000 5.870000
134.160000 7.070000
207.460000 7.700000
146.260000 7.190000
150.110000 7.230000
195.700000 7.610000
156.190000 7.290000
156.580000 7.290000
135.690000 7.080000
112.190000 6.810000
