106.491 98.282
76.6371 72.5925
104.523 104.523
55.0713 48.8817
194.396 175.252
130.366 126.617
243.589 190.975
33.9691 29.6076
123.056 100.095
100.699 100.699
126.825 126.825
110.811 100.357
61.6649 61.6649
128.346 93.3041
113.598 94.0906
145.379 132.22
186.445 174.109
119.603 119.603
80.9461 65.0003
95.0348 89.8274
111.394 94.6989
133.302 118.267
83.3534 80.0533
189.768 121.929
112.509 99.7224
187.66 147.239
176.172 157.565
118.673 104.296
139.199 125.568
157.127 143.409
127.764 118.4
159.655 150.113
115.953 109.947
159.197 145.942
106.65 102.195
77.6816 74.8859
114.864 99.0933
97.3098 77.3029
127.392 111.628
120.853 99.5289
52.7355 51.0568
100.201 97.445
144.837 135.109
91.4329 86.5385
106.764 100.583
155.737 150.884
119.678 111.781
124.753 121.33
198.934 152.221
92.0999 92.0999
94.5367 89.4478
195.095 156.65
103.994 97.2668
176.637 137.188
212.456 165.971
90.3065 87.8
153.93 140.341
86.477 81.7375
119.192 119.192
57.8125 57.8125
129.377 73.5831
143.637 134.965
130.065 115.298
175.49 124.26
120.195 100.811
110.633 108.556
82.4863 71.1981
137.026 117.175
121.811 106.955
37.9714 34.1471
88.8675 87.7652
112.715 112.715
145.77 136.964
92.0882 83.5899
141.208 129.885
67.9439 64.6694
105.867 101.227
87.4863 87.4863
116.585 116.585
175.842 159.274
232.598 134.014
132.522 123.944
101.428 90.5904
61.2755 59.0918
139.659 139.659
140.982 133.971
113.321 97.7849
143.33 116.871
115.751 93.7895
98.1711 95.2043
147.354 102.822
115.159 115.159
138.107 129.613
116.299 107.475
112.083 107.816
107.716 105.188
109.504 109.504
109.429 87.6284
129.205 114.645
258.769 117.084
125.893 122.096
196.032 113.752
115.416 104.646
318.661 181.964
90.8144 87.1197
122.19 112.127
179.637 157.527
259.122 199.269
99.1101 94.3907
98.5573 93.6941
96.5508 95.3043
132.791 119.835
112.344 112.344
77.9762 75.6748
118.863 115.714
96.2814 87.1309
94.1011 83.7548
103.122 103.122
106.502 94.4256
129.942 129.942
132.303 125.522
128.649 123.162
69.1362 69.1362
99.7676 92.3914
111.219 107.659
128.672 128.672
98.1041 95.8991
124.944 120.048
185.974 166.595
114.381 108.358
120.458 114.306
135.238 130.466
134.402 122.79
80.4223 80.4223
128.284 122.278
198.251 156.555
102.916 102.916
105.037 89.0038
88.1749 83.2833
102.281 82.8049
146.069 131.737
120.128 120.128
150.329 136.524
109.748 95.144
115.773 113.116
135.165 132.539
104.479 104.479
147.637 141.924
156.359 149.541
129.129 120.037
114.098 109.146
68.6635 68.6635
120.376 118.63
123.68 118.144
108.731 102.021
105.939 96.2887
54.787 51.833
148.929 143.72
93.7197 93.7197
60.2697 58.8258
149.322 127.698
161.293 80.444
125.498 117.529
132.393 121.4
100.647 93.0941
171.666 130.494
88.9014 88.9014
132.257 123.421
120.404 120.404
151.163 133.688
195.879 153.211
185.462 167.083
127.174 122.355
158.281 134.692
106.397 106.397
127.397 122.942
144.571 137.468
125.371 104.911
97.6706 91.212
157.949 138.363
126.058 115.167
74.8467 70.404
68.3053 65.6816
108.229 104.943
133.989 127.652
120.827 120.827
57.8901 53.1776
139.814 134.483
110.723 95.2218
168.295 116.302
126.101 105.434
138.481 130.232
112.434 104.121
37.8088 37.8088
110.397 108.173
128.631 122.615
113.025 108.54
65.9597 54.3759
87.3008 82.2184
96.124 91.8771
121.795 116.982
184.697 169.942
108.483 102.947
87.1494 82.1177
93.2593 87.2391
124.982 113.455
146.63 126.001
130.118 125.461
62.2798 55.1981
33.598 33.598
185.108 121.749
170.91 125.657
111.676 108.749
121.798 121.798
224.65 127.382
253.45 210.191
184.392 162.204
101.744 101.744
77.3602 75.8778
105.192 89.1137
70.9087 64.7184
105.65 95.4583
141.081 134.21
101.275 87.67
97.9196 91.6862
163.829 146.593
143.99 125.706
127.141 123.381
156.617 149.855
116.318 102.003
91.315 74.2503
80.0113 77.1387
92.8054 86.6276
91.6697 82.4223
129.262 120.526
121.555 117.759
216.068 160.398
126.589 117.857
193.487 108.839
116.555 100.021
159.986 133.159
229.231 180.245
82.0701 71.9869
152.255 136.716
101.238 93.4845
89.8103 85.3858
121.344 109.426
95.1552 86.3637
115.65 115.65
67.1074 61.6508
94.9656 87.5036
127.325 122.352
116.205 113.805
136.416 131.866
234.151 202.607
102.298 81.4803
128.191 121.889
73.9225 68.5836
155.009 145.225
188.421 139.111
130.816 125.641
98.8887 95.1044
110.398 103.683
75.2795 75.2795
58.8772 56.8479
71.2911 71.2911
123.761 123.761
136.544 127.875
140.83 134.848
115.666 100.867
113.707 109.698
104.708 95.2065
82.2843 77.4979
103.349 100.922
145.148 128.85
144.826 141.039
188.789 115.894
115.866 111.654
77.0113 71.1711
84.9376 84.9376
125.553 123.707
143.093 87.0205
113.197 103.038
117.807 112.445
74.6487 72.6581
92.5704 86.6092
155.057 140.878
76.1172 72.7001
108.786 108.786
68.0369 65.2542
102.556 89.5768
157.479 127.933
98.841 85.5848
127.252 118.741
214.574 190.311
191.57 154.663
121.352 113.54
84.874 84.874
117.85 112.667
186.175 156.414
75.3073 70.9393
146.191 137.668
98.4981 90.6463
78.9802 59.9804
250.89 172.919
120.373 120.373
83.272 79.3254
96.1434 93.5038
115.657 108.673
83.7361 83.7361
104.762 94.2941
100.242 94.1886
147.166 134.425
197.384 147.778
92.9221 87.3154
129.343 109.036
88.36 81.5527
136.837 128.286
129.687 125.225
265.109 216.126
99.7448 95.7163
135.699 132.073
112.833 100.762
260.501 218.012
124.624 111.416
209.849 172.152
134.358 120.153
87.4267 82.4153
85.6019 81.1117
59.2604 59.2604
96.3453 87.0351
127.164 118.966
94.7332 92.5928
155.466 149.057
145.47 137.011
67.1589 62.9404
121.174 116.096
69.8613 65.0297
244.454 174.305
130.309 116.751
126.724 125.319
118.929 114.578
78.5251 72.0352
80.1466 76.456
112.76 112.76
133.046 126.995
108.639 104.673
134.034 128.755
117.589 109.893
105.491 92.6907
145.529 124.979
108.979 108.979
156.879 136.37
125.006 117.214
109.052 109.052
177.956 147.001
156.741 111.537
82.3382 70.632
261.514 182.282
42.2771 35.1929
119.302 115.073
141.534 132.841
111.483 105.62
127.569 127.569
94.5345 83.4583
101.866 94.8309
231.965 184.623
76.8025 71.1219
134.315 124.808
71.0471 71.0471
122.206 119.269
123.808 123.808
153.787 93.6679
96.1914 96.1914
116.143 114.199
70.8344 68.9441
142.755 133.522
132.21 123.522
180.411 135.59
121.977 115.698
107.008 107.008
32.7251 28.5787
109.742 107.757
145.609 130.337
143.308 137.773
25.6128 23.5884
100.554 66.7438
140.911 116.499
123.885 119.7
165.333 126.502
150.411 115.846
116.698 101.309
101.219 101.219
152.673 131.907
134.251 113.433
94.3817 83.0045
61.3483 60.5323
136.778 129.465
138.717 127.59
131.218 124.341
136.679 128.776
189.067 153.215
93.8655 91.1459
118.713 116.258
51.306 48.2551
58.4296 58.4296
112.489 106.263
127.337 125.251
90.6371 85.1316
108.646 101.2
70.3477 70.3477
47.135 44.009
65.3491 63.5843
123.921 118.075
89.652 89.652
142.162 122.977
149.356 130.763
72.4991 67.6777
107.549 98.1998
115.985 102.943
130.095 127.747
104.244 100.776
110.653 91.4117
236.829 161.387
120.884 106.524
117.461 108.901
89.7945 87.1847
76.5017 72.1977
144.608 133.459
83.8918 79.8259
130.676 125.577
100.308 100.308
106.311 98.0467
120.807 112.227
45.8481 42.6735
108.408 93.7215
123.492 120.083
121.236 117.708
131.308 125.932
138.188 114.627
83.7505 81.7069
119.984 73.5933
75.532 73.0172
137.772 132.065
135.438 114.91
66.2888 66.2888
117.421 117.421
139.141 119.007
65.4163 62.5321
110.956 96.3231
62.6359 62.6359
98.4613 92.144
89.1504 89.1504
117.818 110.028
122.18 116.97
59.4382 55.0073
115.569 112.936
133.581 133.581
93.7803 93.7803
107.437 104.558
141.086 135.557
98.6999 91.0931
150.744 145.365
147.423 109.641
235.198 131.491
64.2767 63.2586
104.881 97.9419
102.986 100.133
136.328 132.239
113.94 104.901
244.616 188.697
128.544 120.245
170.674 157.035
94.6933 94.6933
136.808 117.124
144.812 138.569
155.152 148.939
67.6234 63.6611
101.958 101.958
106.463 99.5841
105.238 94.8021
78.5892 72.5969
94.4992 92.0471
92.8831 83.6847
143.395 137.654
238.115 203.182
116.417 108.669
106.043 99.7787
97.163 95.2115
85.5912 66.8686
179.547 119.648
141.559 132.611
84.5604 79.3627
125.215 125.215
143.369 139.766
93.1587 81.0479
255.625 193.367
131.604 118.446
308.992 227.812
108.696 102.323
71.7672 71.7672
116.372 112.903
108.739 105.786
128.581 120.802
89.7717 89.7717
143.445 140.751
249.6 167.299
89.6941 82.8916
45.1811 44.0839
140.456 140.456
105.663 99.2724
120.611 102.262
127.854 120.318
156.402 147.168
40.185 40.185
130.45 126.983
120.1 112.968
154.697 151.423
99.9108 86.7206
148.91 129.403
106.464 101.915
163.019 124.059
100.979 94.7997
64.6964 64.6964
148.205 142.615
129.39 120.548
132.295 124.253
131.743 125.008
111.766 103.428
160.048 155.577
108.947 88.9095
98.8355 93.0856
108.692 104.398
74.3783 73.4695
103.332 83.1259
149.163 149.163
87.9772 84.8826
109.044 103.362
131.194 126.864
163.338 147.416
91.6334 88.5333
108.608 105.221
75.9583 73.6943
152.642 128.875
159.174 148.799
103.61 99.4237
44.049 38.0584
192.528 153.972
104.135 104.135
103.235 99.7282
71.9028 71.9028
90.4164 84.484
165.969 119.806
76.6778 75.1032
112.394 101.206
134.048 124.176
236.923 180.442
83.3116 80.0477
108.358 93.9277
178.025 149.52
65.2578 61.9357
135.589 121.544
62.8453 60.0113
51.6465 51.6465
131.259 126.21
127.773 110.28
92.3401 86.1714
142.376 135.477
51.4085 49.0734
127.568 122.947
99.7453 94.4826
118.512 102.197
143.08 139.934
136.515 129.24
139.618 131.628
115.734 115.734
374.51 213.271
94.4055 94.4055
98.5908 95.0343
158.736 148.686
83.6408 77.365
144.486 117.293
139.504 109.533
139.777 113.899
128.313 124.366
74.1578 65.4599
55.3818 55.3818
147.945 136.307
127.388 119.701
73.1601 73.1601
58.1282 54.8891
102.694 100.687
101.53 97.9328
96.1205 89.0013
95.5084 93.5149
55.1927 51.4537
137.71 134.389
137.414 125.792
74.4957 64.2063
109.617 105.696
65.8785 62.9358
131.686 116.614
84.5854 80.7323
148.035 138.696
58.0684 56.7602
106.002 89.4909
138.526 113.378
117.094 109.858
106.13 106.13
112.867 101.007
132.532 128.831
120.467 112.546
65.1836 63.4426
111.715 97.6681
93.4445 74.2321
80.1091 72.1503
100.05 91.3916
86.7931 82.357
131.354 127.7
122.926 110.495
133.927 129.018
72.0301 66.4402
157.973 128.215
110.507 108.644
144.201 136.907
137.259 127.635
120.041 116.515
248.187 123.549
133.124 107.347
145.327 127.965
71.1554 68.7083
175.3 129.996
149.81 141.051
99.6053 95.3927
47.7706 43.9925
26.0671 23.1801
261.863 213.379
99.0808 97.5951
192.943 161.554
140.031 133.903
104.39 104.39
155.459 144.136
265.347 177.066
124.744 124.744
114.022 107.491
95.3313 79.2719
129.215 123.94
116.856 109.612
108.261 108.261
88.1867 84.1653
106.991 94.281
121.886 111.497
66.3431 64.3561
106.55 104.825
129.64 127.171
141.776 118.877
163.431 142.145
127.251 122.651
108.878 106.043
165.679 116.916
146.197 146.197
124.109 121.696
187.125 135.725
189.625 154.013
75.258 65.5988
97.1309 97.1309
117.274 109.813
78.0935 70.6141
74.288 70.1289
98.7681 87.4091
58.9343 56.8495
132.175 127.824
175.383 147.789
131.8 115.187
77.8274 77.8274
129.79 123.429
123.864 118.172
147.899 142.25
134.292 129.365
133.148 127.967
69.3747 69.3747
107.102 95.1094
127.41 122.849
74.5588 57.1197
92.3275 86.8896
140.975 133.97
148.289 134.831
91.9069 89.3353
96.0334 91.4761
179.086 168.756
99.608 97.4703
138.434 126.019
220.806 181.243
140.544 104.787
78.7043 71.8137
112.023 103.34
77.324 71.5865
115.911 110.884
126.269 120.96
102.175 102.175
20.8771 16.2384
122.476 118.149
256.659 193.865
146.028 124.727
122.674 122.674
125.386 117.896
128.854 125.498
183.241 177.915
115.506 102.447
182.223 144.061
152.221 107.185
92.5508 88.3085
176.735 152.752
81.7701 77.9252
132.396 123.631
103.218 100.77
132.573 88.7041
69.1288 59.8704
143.425 136.133
107.986 107.986
105.977 93.4071
105.354 102.36
80.1422 71.7609
153.328 105.658
166 148.102
135.704 109.1
87.5836 81.0432
185.073 139.609
128.103 110.282
132.228 125.33
99.6528 91.1837
75.1641 71.2166
132.154 124.558
89.6648 83.1556
298.552 242.734
124.837 116.501
132.927 130.697
58.9262 58.9262
145.621 129.747
112.772 90.0118
87.6208 84.0787
122.452 117.137
287.848 185.57
148.217 138.593
100.781 95.9546
96.7995 86.4484
122.687 100.176
44.9322 42.3824
144.758 112.719
84.7697 80.7317
110.581 107.418
114.589 106.358
125.23 113.742
67.0672 67.0672
124.586 114.173
148.134 137.082
149.744 146.679
20.6809 18.2358
130.488 123.712
80.8009 78.4457
29.4991 25.2141
72.0939 63.205
131.675 127.219
106.679 101.683
133.231 111.812
164.488 140.75
125.678 98.9093
110.141 99.5021
103.886 100.93
51.7707 47.385
144.352 132.455
74.2619 72.1943
83.9318 72.1515
133.271 125.598
80.7057 73.7328
86.6041 69.8323
95.2526 88.3165
99.6632 91.5751
117.672 111.848
106.945 104.078
109.412 105.464
95.3805 88.5841
93.3204 92.3849
105.639 100.097
118.143 111
104.714 90.0096
63.5757 60.7914
145.07 123.713
61.5933 59.7616
134.892 127.87
130.515 121.907
94.9218 90.9207
136.248 128.598
84.8149 84.8149
153.067 136.441
181.496 171.974
147.728 134.363
86.3776 86.3776
89.2337 83.8542
143.317 118.446
105.792 102.772
91.5188 81.4397
152.36 127.187
105.835 96.0536
298.179 219.917
130.911 121.736
130.224 122.135
67.925 65.3473
142.559 129.938
112.979 106.319
85.486 80.4702
130.913 125.784
88.6382 82.9519
215.197 174.953
59.6274 58.706
135.432 122.693
65.715 64.273
124.59 124.59
275.85 170.937
133.062 127.269
140.82 131.627
64.6133 61.651
124.279 121.672
122.068 118.409
219.183 142.197
134.308 128.381
99.7916 94.1275
275.694 183.099
136.436 116.181
219.797 178.59
200.805 156.841
147.375 138.867
50.546 45.3848
122.456 116.887
109.21 107.717
125.653 121.959
107.317 85.3909
154.871 139.233
164.965 134.131
96.3858 96.3858
88.71 86.4753
127.91 122.06
125.459 114.751
110.122 107.852
129.071 123.537
112.665 107.682
119.863 98.5315
115.647 108.553
62.4589 62.4589
115.092 110.13
132.174 121.048
129.604 126.604
133.909 125.829
132.126 120.313
122.452 111.779
90.3675 87.626
126.416 109.642
118.42 113.903
67.9095 67.9095
188.809 158.861
105.093 99.599
119.372 119.372
73.7095 71.7212
102.571 102.571
323.063 270.679
76.4719 72.0293
196.924 156.244
124.869 114.695
95.282 91.4908
123.634 118.303
132.368 123.124
129.151 121.128
64.1461 61.556
117.357 109.905
96.5115 96.5115
142.69 126.845
138.793 132.711
100.399 97.8297
70.2091 57.4487
118.825 112.215
99.6889 96.9275
172.115 164.442
119.933 114.92
110.077 107.866
80.4236 77.1179
109.806 101.389
134.589 127.608
60.9268 60.9268
138.679 135.787
139.028 134.881
97.4879 82.4327
108.74 102.039
82.7703 80.4456
98.6676 83.539
131.409 122.344
121.472 121.472
126.923 118.592
73.7998 67.7075
124.941 114.885
168.866 120.52
149.521 141.361
149.54 101.379
100.561 93.8654
104.386 99.1388
60.8749 60.8749
185.709 165.678
99.2907 78.4137
120.524 117.366
76.0717 71.7313
183.305 163.179
129.368 120.047
111.728 107.092
70.6836 70.6836
101.869 101.869
109.93 101.755
144.279 136.57
112.41 110.817
77.0821 71.2213
141.988 130.801
134.359 126.319
118.727 114.302
88.519 83.5245
83.5177 83.5177
108.571 106.013
91.1956 84.3716
76.8939 71.2469
65.1059 65.1059
182.09 160.566
84.92 70.902
152.167 144.779
271.683 167.099
93.0025 88.7223
115.629 107.266
109.047 102.721
130.244 99.8064
111.889 108.069
156.612 127.05
116.476 116.476
124.345 117.521
76.5801 66.7275
132.68 130.147
87.6977 85.5511
114.426 105.585
99.6373 90.0689
110.928 110.928
91.9403 84.309
207.349 144.419
163.728 131.986
121.965 119.124
153.292 143.844
195.907 164.289
121.315 115.138
134.276 127.909
104.752 93.1359
107.772 101.687
59.6022 58.5572
157.147 142.564
112.479 103.203
119.274 115.016
93.5329 93.5329
101.577 94.8432
173.588 107.817
84.2598 83.6925
100.692 97.5575
101.24 98.7792
137.792 126.34
135.359 135.359
96.4137 86.9101
57.5697 56.7601
111.606 98.68
90.9089 84.1034
122.824 119.686
137.043 130.525
98.1004 85.6381
157.075 138.187
83.437 83.437
228.724 140.185
72.8414 67.8775
106.768 80.0005
78.339 75.3221
162.502 126.219
125.348 121.454
91.1222 76.1969
139.833 135.393
50.4472 50.4472
129.241 112.706
128.307 117.254
64.648 60.9152
138.78 127.167
60.4646 56.8877
62.5395 54.3175
112.65 109.544
261.914 140.906
132.494 125.884
106.642 101.278
264.923 172.678
135.402 135.402
133.852 129.527
100.718 97.7797
89.6271 79.9445
