0.132410
0.071168
0.239896
0.185912
0.335450
0.174389
0.356794
0.206051
0.211311
0.388664
0.396977
0.332957
0.392269
0.235584
0.257944
0.275490
0.360249
0.210736
0.293090
0.209562
0.319044
0.236475
0.311506
0.286179
0.250789
0.284972
0.096389
0.260287
0.126997
0.374222
0.273349
0.286682
0.237463
0.254539
0.380101
0.258744
0.115494
0.188254
0.256133
0.052891
0.234539
0.156559
0.230533
0.240118
0.225682
0.280374
0.261970
0.070920
0.289214
0.340048
0.225526
0.105514
0.351420
0.243014
0.118431
0.253883
0.124174
0.079268
0.312110
0.517431
0.302645
0.283637
0.098878
0.138998
0.038979
0.231116
0.240824
0.243666
0.102803
0.282533
0.117907
0.242161
0.127089
0.199887
0.191967
0.118347
0.117075
0.399073
0.142952
0.162698
0.296161
0.049045
0.226757
0.290765
0.330781
0.136781
0.320939
0.186754
0.075844
0.268687
0.228058
0.335488
0.148569
0.215135
0.120100
0.286146
0.329906
0.198266
0.332983
0.234355
0.280465
0.217403
0.258449
0.238093
0.018829
0.234538
0.170548
0.223434
0.175861
0.142888
0.112400
0.085907
0.374991
0.021826
0.267742
0.214132
0.066537
0.260131
0.218335
0.314610
0.251308
0.029673
0.365319
0.206118
0.183902
0.276838
0.234906
0.167363
0.214196
0.217623
0.111894
0.031344
0.143663
0.475955
0.261493
0.195886
0.238472
0.353281
0.376882
0.438347
0.314544
0.302500
0.207331
0.255655
0.230865
0.090206
0.434428
0.215061
0.108469
0.236859
0.233443
0.523658
0.095799
0.239560
0.148624
0.226901
0.078601
0.225484
0.212431
0.088337
0.224484
0.480789
0.143548
0.200015
0.070176
0.207064
0.270265
0.136766
0.243570
0.264707
0.127656
0.210896
0.210218
0.133823
0.280394
0.280920
0.192818
0.233534
0.584586
0.254539
0.301516
0.138620
0.284111
0.300879
0.038412
0.160987
0.232594
0.034665
0.168217
0.217834
0.293750
0.037487
0.128416
0.447814
0.247261
0.189445
0.129409
0.430872
0.166401
0.028754
0.223524
0.297800
0.106885
0.026455
0.025832
0.232440
0.202074
0.195473
0.139678
0.344056
0.133327
0.239976
0.302549
0.230633
0.253778
0.177483
0.241235
0.355853
0.152611
0.252528
0.025800
0.085257
0.046672
0.141725
0.296019
0.181663
0.103966
0.162548
0.189537
0.230527
0.344888
0.157334
0.288673
0.198088
0.126112
0.368259
0.162057
0.279060
0.313042
0.291238
0.304396
0.353289
0.417425
0.191752
0.303167
0.023890
0.435129
0.264373
0.349386
0.128478
0.024562
0.041368
0.262186
0.043184
0.150694
0.231099
0.194399
0.018676
0.298822
0.166234
0.030665
0.222490
0.207847
0.323105
0.149137
0.223743
0.294405
0.033303
0.036118
0.313831
0.339342
0.015411
0.022528
0.217866
0.222188
0.091947
0.217837
0.202378
0.148718
0.301378
0.099380
0.203440
0.197028
0.128750
0.073825
0.099022
0.225404
0.084794
0.235743
0.145562
0.089443
0.237956
0.167872
0.251182
0.068152
0.216773
0.108166
0.259837
0.054723
0.050123
0.050243
0.086347
0.224541
0.136443
0.305655
0.416926
0.232441
0.231596
0.262429
0.480029
0.238909
0.224523
0.236432
0.247403
0.034396
0.119283
0.376964
0.231701
0.055026
0.236196
0.269161
0.150708
0.078085
0.135375
0.080359
0.116371
0.220990
0.132216
0.450461
0.266828
0.110100
0.089216
0.237371
0.085098
0.160501
0.069958
0.139294
0.257751
0.034247
0.332032
0.137055
0.123063
0.072815
0.221256
0.226820
0.062428
0.110696
0.212258
0.082869
0.056249
0.306088
0.314631
0.255757
0.308675
0.272609
0.291578
0.162040
0.138243
0.115589
0.101020
0.194461
0.146291
0.114121
0.138726
0.296812
0.283063
0.326235
0.123688
0.275736
0.388270
0.097508
0.426781
0.249709
0.272275
0.112773
0.073560
0.241136
0.208894
0.190321
0.070344
0.373597
0.183785
0.123734
0.153736
0.158852
0.051159
0.223979
0.096303
0.045667
0.117727
0.103715
0.038985
0.463361
0.212664
0.265639
0.375643
0.038061
0.054809
0.180282
0.051958
0.243240
0.186647
0.033010
0.187131
0.529887
0.572064
0.127368
0.215528
0.280669
0.243148
0.456194
0.245701
0.027138
0.050443
0.316515
0.239166
0.211769
0.112695
0.150464
0.199392
0.230259
0.179367
0.223768
0.183104
0.246285
0.372007
0.255665
0.149984
0.235033
0.138141
0.222648
0.246725
0.370258
0.163920
0.254366
0.151943
0.247295
0.145029
0.412656
0.210288
0.177483
0.235518
0.012343
0.018195
0.163967
0.263607
0.173239
0.163304
0.276817
0.258466
0.291935
0.231442
0.486696
0.199453
0.243363
0.278615
0.214272
0.355651
0.392296
0.209250
0.378587
0.259723
0.122519
0.219794
0.216312
0.065669
0.529169
0.149765
0.189343
0.354938
0.404821
0.088814
0.157510
0.484844
0.135992
0.250826
0.244879
0.230034
0.282792
0.291702
0.206430
0.340499
0.275769
0.061255
0.124170
0.312105
0.296373
0.298619
0.197791
0.200027
0.221775
0.120885
0.228645
0.180648
0.296333
0.234629
0.198829
0.214918
0.068887
0.264242
0.274718
0.313464
0.249812
0.149979
0.226645
0.219257
0.216091
0.069862
0.170358
0.361245
0.111459
0.186939
0.092942
0.281795
0.240570
0.121871
0.306853
0.151201
0.179001
0.203497
0.230154
0.226095
0.057928
0.356446
0.124396
0.089839
0.093228
0.209888
0.192593
0.172929
0.227555
0.165541
0.165648
0.107851
0.257991
0.321316
0.088767
0.144184
0.057964
0.265447
0.055160
0.282112
0.076164
0.205704
0.136828
0.195652
0.164057
0.134868
0.221919
0.351756
0.559422
0.115623
0.129564
0.084986
0.032616
0.225656
0.219043
0.330318
0.066594
0.193362
0.193821
0.323921
0.322534
0.223877
0.126726
0.112784
0.029333
0.216003
0.296812
0.045260
0.149173
0.229514
0.259837
0.450407
0.149800
0.223489
0.237427
0.334845
0.327050
0.322274
0.196217
0.208313
0.247316
0.171520
0.306048
0.122339
0.149865
0.274131
0.161407
0.207763
0.092898
0.203779
0.317831
0.339342
0.173749
0.283924
0.164237
0.123483
0.426006
0.145668
0.026657
0.126487
0.242187
0.242227
0.198720
0.035914
0.124816
0.142935
0.230739
0.028432
0.034614
0.189888
0.065694
0.029790
0.075549
0.301486
0.140704
0.092305
0.054036
0.192532
0.038504
0.329892
0.249013
0.121003
0.039393
0.145802
0.299005
0.536662
0.124897
0.162129
0.347802
0.142203
0.312814
0.251385
0.193681
0.589527
0.103037
0.148651
0.223818
0.218721
0.525130
0.190739
0.234030
0.265674
0.148918
0.267704
0.246963
0.236945
0.257796
0.252501
0.215996
0.282860
0.124913
0.191739
0.188973
0.220935
0.233669
0.355768
0.153562
0.125041
0.691080
0.137593
0.664341
0.095478
0.135668
0.188944
0.296684
0.082420
0.203086
0.269669
0.251946
0.084931
0.400078
0.407985
0.659758
0.051441
0.263379
0.233963
0.381102
0.159154
0.412578
0.274606
0.052212
0.331747
0.029980
0.231002
0.083291
0.237051
0.415046
0.291028
0.189488
0.178015
0.231348
0.126219
0.162387
0.182882
0.230797
0.164588
0.243671
0.346683
0.042613
0.185751
0.074330
0.229611
0.385935
0.157372
0.287222
0.182236
0.218441
0.226106
0.153151
0.125477
0.339449
0.118154
0.336823
0.283251
0.216855
0.266120
0.030637
0.142797
0.142697
0.232004
0.127811
0.249686
0.290680
0.150544
0.244336
0.233365
0.263859
0.266169
0.013275
0.073434
0.204432
0.236323
0.272431
0.133259
0.221262
0.186105
0.105878
0.254454
0.110846
0.196777
0.188642
0.092237
0.251990
0.180064
0.074224
0.225007
0.222990
0.205771
0.283334
0.071379
0.278082
0.230213
0.096117
0.299250
0.200718
0.211108
0.073033
0.040536
0.225153
0.176887
0.198143
0.189192
0.203395
0.142133
0.387767
0.031973
0.298077
0.141204
0.235058
0.285856
0.196799
0.063936
0.054784
0.164733
0.066692
0.013140
0.267728
0.111815
0.295261
0.141614
0.124882
0.262135
0.100663
0.056873
0.239185
0.220612
0.067416
0.018628
0.165017
0.206978
0.068070
0.578579
0.236564
0.318577
0.117897
0.319383
0.232767
0.159316
0.294855
0.032217
0.063203
0.028380
0.066219
0.164441
0.060732
0.165860
0.103983
0.053124
0.141687
0.044879
0.032624
0.100717
0.113081
0.128264
0.083249
0.258145
0.218501
0.099269
0.196218
0.091931
0.079667
0.130214
0.208121
0.241043
0.122821
0.198418
0.012779
0.227744
0.052123
0.159145
0.239476
0.177969
0.164937
0.289023
0.223197
0.166215
0.060279
0.232687
0.225117
0.173761
0.213463
0.123545
0.013837
0.243436
0.211101
0.102434
0.270733
0.082551
0.298728
0.244276
0.240608
0.115595
0.051495
0.282405
0.149934
0.290632
0.394952
0.109425
0.211625
0.343507
0.270872
0.215586
0.243874
0.019738
0.176195
0.331916
0.102596
0.057918
0.208344
0.298212
0.375255
0.169800
0.300350
0.186211
0.024090
0.282584
0.315069
0.202168
0.209066
0.384648
0.229033
0.251054
0.166534
0.261097
0.267096
0.213054
0.144379
0.046985
0.137159
0.185695
0.041633
0.211856
0.199212
0.612202
0.281749
0.141868
0.108005
0.434791
0.163162
0.242228
0.068508
0.111459
0.162068
0.352042
0.196119
0.298923
0.223796
0.306419
0.217458
0.221861
0.173319
0.219774
0.228898
0.137907
0.136553
0.118717
0.294467
0.058158
0.172094
0.160744
0.266530
0.240624
0.362235
0.034672
0.088156
0.281955
0.242699
0.261892
0.247452
0.223382
0.514954
0.318950
0.300860
0.136861
0.252746
0.409246
0.131049
0.233455
0.099770
0.117594
0.255487
0.070443
0.276058
0.030850
0.195916
0.244807
0.232230
0.107292
0.224029
0.262755
0.130728
0.058050
0.148919
0.071667
0.127709
0.303449
0.161161
0.535354
0.224871
0.240940
0.048112
0.085653
0.148101
0.240295
0.188018
0.300950
0.113412
0.181826
0.197472
0.270684
0.094938
0.187518
0.166364
0.348080
0.319437
0.129776
0.245072
0.089332
0.204889
0.318656
0.157747
0.307781
0.219138
0.109744
0.441020
0.065081
0.124391
0.051993
0.162755
0.110087
0.213569
0.075463
0.277347
0.017923
0.248918
0.040246
0.253205
0.240531
