1.68
1.172743
1.010766
0.647523
0.444134
0.51519
0.489898
0.339411
0.223406
0.200908
1.734874
2.65165
1.146326
0.790072
0.702695
0.407387
0.510022
0.261112
0.255057
0.238393
1.58231
2.290811
1.083622
1.022391
0.614464
0.560477
0.500212
0.302061
0.193327
0.224092
1.766526
1.49713
1.09768
0.922084
0.391016
0.495019
0.564412
0.399535
0.163026
0.18015
1.212383
0.989762
0.980843
0.675436
0.465102
0.35081
0.40604
0.355023
0.168609
0.21268
1.288533
1.854684
1.275776
0.706044
0.680151
0.530501
0.58
0.330591
0.2005
0.232478
2.346809
2.466911
1.067269
0.712785
0.590951
0.61054
0.474523
0.265883
0.161353
0.19752
2.290811
1.76
0.939912
0.785436
0.649458
0.411188
0.334383
0.36035
0.195728
0.201743
2.095131
1.436311
1.159443
1.014185
0.632444
0.579773
0.572915
0.408453
0.218953
0.189099
1.462782
2.529822
1.170338
0.819046
0.766841
0.61567
0.571407
0.289115
0.270163
0.235629
2.290811
1.701035
1.067521
0.848528
0.816327
0.489906
0.494472
0.258365
0.288066
0.248253
1.448836
1.007503
1.159069
0.739783
0.753553
0.607114
0.568658
0.345335
0.21527
0.233435
1.766526
2.529822
1.309457
0.944346
0.699588
0.605684
0.516124
0.337778
0.194271
0.18281
1.01136
1.643168
1.033221
0.956138
0.636409
0.50768
0.605624
0.357922
0.230431
0.238177
2.65165
1.786086
0.952734
0.882589
0.564412
0.428183
0.471844
0.2994
0.240695
0.19967
1.619848
1.408765
0.939156
0.616157
0.646632
0.45358
0.419575
0.399019
0.221149
0.214175
1.754835
1.52
0.929525
0.88218
0.708709
0.561313
0.433025
0.286406
0.200777
0.194188
1.552354
2.1875
0.740564
0.558665
0.787172
0.496081
0.398876
0.298311
0.209477
0.225532
1.448836
1.841279
1.166181
0.576246
0.574422
0.558123
0.377608
0.306838
0.254262
0.146422
1.513223
2.1875
1.007503
0.640329
0.702603
0.519467
0.423073
0.390692
0.136146
0.15625
1.325825
2.290811
1.0599
0.680414
0.535919
0.450284
0.391609
0.352099
0.23935
0.191109
1.166181
2.133462
1.266019
0.57572
0.666252
0.503762
0.527046
0.293688
0.252832
0.154701
2.466911
2.09991
1.153172
0.507093
0.751287
0.519626
0.608341
0.382623
0.21079
0.221129
2.529822
1.032796
1.026935
0.580049
0.675493
0.442711
0.398968
0.395061
0.259935
0.210467
1.635275
2.466911
1.074802
0.800592
0.73657
0.393439
0.457721
0.425296
0.293852
0.176365
2.1875
2.012461
1.106797
0.78125
0.64287
0.467521
0.550788
0.245668
0.175114
0.149348
1.76
1.811177
0.69282
0.691272
0.575148
0.556823
0.513058
0.32056
0.225209
0.144516
1.421829
1.332965
1.225383
0.788041
0.632591
0.454976
0.499708
0.345845
0.235683
0.187398
1.875
2.012461
1.102167
0.689628
0.659741
0.489784
0.388763
0.28491
0.27491
0.210849
1.462782
1.506367
1.086229
0.984849
0.628386
0.385455
0.340829
0.287594
0.219328
0.159992
1.58231
2.346809
0.948834
0.574099
0.659151
0.460959
0.487405
0.29141
0.285831
0.188586
1.600822
2.290811
0.913861
0.874636
0.692016
0.565259
0.492546
0.342752
0.235719
0.135187
1.30444
1.491553
1.121841
0.688425
0.58554
0.474537
0.355634
0.356304
0.323485
0.208936
1.264911
1.662612
1.082532
0.878906
0.702244
0.619325
0.467828
0.313673
0.316796
0.193547
1.974352
1.232883
0.915949
0.668229
0.851151
0.632753
0.497205
0.295246
0.288082
0.155622
2.213594
2.09991
1.210578
0.899915
0.816327
0.644719
0.420729
0.264371
0.190715
0.225838
2.592593
1.288533
0.865784
0.607959
0.586026
0.56341
0.413681
0.322322
0.245071
0.159147
1.024195
2.237724
0.859375
0.727355
0.723612
0.502967
0.562393
0.395995
0.281714
0.166497
2.592593
1.408723
1.137026
0.883022
0.754657
0.500212
0.521435
0.366013
0.283291
0.222712
2.133462
2.65165
1.274618
0.930642
0.659549
0.56087
0.579968
0.404181
0.235
0.164673
1.545425
1.744369
1.349873
0.881181
0.6506
0.578658
0.412884
0.280801
0.207535
0.168086
2.290811
2.405626
1.195316
0.80196
0.759929
0.528738
0.451354
0.385648
0.247045
0.214196
2.65165
2.346809
1.266019
1.028461
0.66
0.543285
0.537316
0.33324
0.218331
0.191364
2.052667
1.84
0.754673
0.637309
0.67082
0.53028
0.422497
0.315765
0.250652
0.193084
2.095131
1.536789
0.986514
0.714441
0.782373
0.528271
0.419135
0.283671
0.292404
0.221111
1.130668
1.466261
0.765838
0.93352
0.76975
0.574099
0.495735
0.301361
0.217586
0.237704
1.931922
2.290811
1.062142
0.785619
0.634609
0.54173
0.476157
0.246229
0.21195
0.163867
2.529822
0.962743
0.93352
0.882637
0.787466
0.553905
0.541529
0.303026
0.226775
0.245263
1.491553
1.436311
1.137026
0.899915
0.484589
0.673387
0.534309
0.374033
0.204865
0.176423
2.237724
2.529822
1.143046
0.62181
0.564364
0.603491
0.506882
0.292389
0.207385
0.219693
1.002883
1.582524
1.033221
0.624401
0.579773
0.494106
0.542095
0.352316
0.228707
0.159563
2.405626
1.371521
1.02774
0.593856
0.576246
0.593987
0.441379
0.333373
0.249231
0.183222
1.841279
2.65165
0.931622
0.724449
0.653126
0.476157
0.514281
0.390271
0.220121
0.1783
1.584015
1.31146
0.95991
0.63957
0.494838
0.557645
0.479283
0.290527
0.273064
0.22767
2.052667
1.383127
1.062601
0.680386
0.788041
0.666003
0.454976
0.38669
0.298502
0.230476
1.472756
1.903827
1.338877
0.726153
0.602101
0.674667
0.46584
0.349657
0.275458
0.152781
2.052667
1.83324
0.957619
0.832584
0.669919
0.634609
0.512575
0.407065
0.194929
0.214954
2.052667
2.592593
1.160097
0.932419
0.586614
0.460077
0.494405
0.263063
0.232794
0.193277
1.854684
2.65165
1.146326
0.668606
0.661942
0.459396
0.432475
0.347538
0.266447
0.23414
2.65165
1.871138
0.72
0.705453
0.632456
0.450138
0.52321
0.333324
0.214991
0.22298
2.09991
2.529822
1.338877
0.619494
0.826717
0.600963
0.41654
0.310062
0.234375
0.176294
2.405626
2.405626
1.096405
0.869302
0.560165
0.633579
0.609688
0.357274
0.306315
0.215733
1.179334
1.870439
0.999209
0.88
0.702419
0.434791
0.348316
0.310897
0.250618
0.160997
2.592593
1.871138
1.131371
0.754806
0.537351
0.498775
0.413983
0.252732
0.275476
0.237752
2.405626
1.854684
1.153894
0.8
0.80904
0.507823
0.519626
0.311992
0.250819
0.155055
2.529822
1.301981
0.851147
0.778388
0.455242
0.610815
0.418652
0.356304
0.284334
0.235063
1.854684
1.280695
0.907218
0.796113
0.819356
0.591528
0.559503
0.36416
0.239648
0.219033
2.346809
2.466911
1.328196
0.820312
0.683594
0.436959
0.58
0.342114
0.262541
0.252664
1.564304
1.964186
1.261019
0.744208
0.690329
0.669356
0.445435
0.404664
0.291729
0.250465
1.871138
2.052667
1.217161
0.929525
0.657274
0.639473
0.444402
0.329366
0.190715
0.17537
2.290811
1.854684
1.359877
0.798872
0.750336
0.663552
0.381817
0.296479
0.305705
0.198034
1.421829
1.137026
0.993631
0.679778
0.776617
0.537656
0.477062
0.279271
0.247448
0.162015
2.012461
2.346809
1.180826
0.609114
0.740741
0.635551
0.458916
0.311392
0.252839
0.215334
1.871138
1.30444
1.153894
0.757904
0.671097
0.716936
0.423958
0.299299
0.195625
0.221994
2.012461
2.405626
0.9375
0.754458
0.657672
0.594834
0.412117
0.362028
0.274335
0.200039
1.436311
1.44843
1.032796
0.699588
0.826717
0.678875
0.466538
0.329735
0.232617
0.18805
1.005171
2.1875
0.819585
0.93218
0.726323
0.568651
0.422497
0.329169
0.222053
0.223743
2.03125
1.76
1.357727
0.731174
0.668606
0.601857
0.408995
0.29959
0.245595
0.2425
1.841279
2.405626
1.274618
0.811772
0.628768
0.45839
0.503472
0.32871
0.249113
0.170196
1.63939
1.303474
1.359877
0.774156
0.801652
0.513551
0.420178
0.282471
0.271083
0.228976
1.870439
1.48486
1.275776
0.880807
0.452548
0.424224
0.554641
0.323934
0.257162
0.244068
1.049483
2.466911
0.711136
1.02774
0.769727
0.546074
0.553568
0.376889
0.205449
0.199879
2.1875
2.290811
1.205803
0.830123
0.58244
0.61054
0.57723
0.361772
0.255485
0.181867
1.710667
2.095131
1.328196
0.675436
0.573461
0.53028
0.542095
0.31529
0.244832
0.182447
2.405626
2.466911
1.149638
0.903696
0.578235
0.472262
0.468063
0.317207
0.299856
0.230431
2.14002
1.619848
0.993123
0.754167
0.62181
0.586026
0.561467
0.255899
0.206851
0.169901
1.106797
1.964186
1.148299
0.717137
0.690785
0.58244
0.375327
0.298921
0.239033
0.166259
1.09768
1.659444
1.282298
0.746712
0.766835
0.609255
0.379961
0.248995
0.246146
0.202228
1.266019
1.974352
1.255658
0.608565
0.6281
0.410481
0.440559
0.298054
0.273968
0.250623
2.095131
2.405626
0.85048
0.739008
0.608519
0.46875
0.430682
0.33913
0.273083
0.244922
2.65165
1.68
1.052461
0.680803
0.754167
0.679191
0.58928
0.294666
0.205083
0.126958
2.052667
2.1875
1.359877
0.696786
0.714404
0.597501
0.547723
0.333806
0.295573
0.192
1.146736
1.997352
0.931053
0.853385
0.579153
0.562344
0.538004
0.352816
0.253439
0.182109
1.568112
2.1875
1.159069
0.816439
0.640803
0.583906
0.439894
0.349758
0.257945
0.187522
2.592593
1.643168
1.246959
0.70204
0.657851
0.600861
0.540115
0.382386
0.303771
0.196262
1.6
1.390493
1.109313
0.954504
0.701322
0.521182
0.467669
0.370267
0.257011
0.193787
1.195335
1.974352
1.180826
0.695507
0.616316
0.573696
0.493482
0.369349
0.280637
0.185508
1.76
1.200073
0.870809
0.802508
0.68683
0.640822
0.573461
0.345837
0.245117
0.211112
2.65165
1.065162
1.112602
0.713306
0.69282
0.550967
0.477817
0.361731
0.200751
0.2284
1.107872
2.237724
1.104644
0.565123
0.678366
0.541129
0.472236
0.314538
0.308886
0.183909
2.290811
2.237724
0.932988
0.629911
0.713765
0.567407
0.486128
0.373782
0.278623
0.21995
1.841279
1.619848
1.157407
0.798872
0.57213
0.641306
0.565244
0.294854
0.17814
0.144327
2.346809
1.813169
1.055194
0.75308
0.591111
0.426692
0.388586
0.304971
0.249326
0.193315
1.84
1.813169
1.060062
0.957619
0.612863
0.586766
0.600612
0.380421
0.22901
0.158192
2.405626
2.592593
1.155236
0.56
0.647986
0.644168
0.477608
0.35437
0.254821
0.195754
2.65165
2.290811
1.07872
0.994369
0.610815
0.550403
0.459899
0.319744
0.203694
0.179257
2.65165
2.14002
0.858073
0.862229
0.629715
0.49679
0.340674
0.330328
0.259077
0.199467
1.643168
2.466911
1.02788
0.700297
0.53356
0.548363
0.483842
0.389738
0.279492
0.175738
1.974352
1.552354
1.195316
0.787466
0.669999
0.652758
0.48934
0.379588
0.21076
0.234392
1.00223
1.466261
0.889808
0.897473
0.553568
0.538051
0.452486
0.34628
0.241299
0.255925
2.65165
1.546796
0.992321
0.666965
0.533543
0.632456
0.483842
0.366908
0.2387
0.239737
1.026092
2.405626
1.332555
0.732783
0.582747
0.515046
0.445354
0.287679
0.226865
0.218213
2.405626
2.65165
0.911712
0.668606
0.572732
0.58727
0.462925
0.333248
0.309951
0.182567
2.466911
2.14002
0.858073
0.891675
0.727355
0.598962
0.580655
0.378174
0.228288
0.198482
1.76
2.65165
1.207451
0.779927
0.725126
0.633579
0.526625
0.284416
0.205067
0.202899
1.445879
1.870439
0.830123
0.727023
0.630976
0.581546
0.450284
0.328206
0.238902
0.221686
1.813169
1.137026
1.156303
0.952734
0.726722
0.528005
0.541852
0.286767
0.160789
0.196479
2.065591
1.931922
0.956138
0.829722
0.522951
0.59902
0.4286
0.384157
0.272913
0.209925
1.328196
2.133462
1.357727
0.527807
0.562183
0.543812
0.50266
0.324536
0.214165
0.162072
1.552354
2.237724
1.231755
0.90211
0.716936
0.579187
0.562344
0.272122
0.277778
0.241794
1.282104
0.872039
0.83984
0.878607
0.600255
0.643145
0.461445
0.29704
0.288675
0.196266
0.96225
1.121841
1.296296
0.659894
0.61588
0.552403
0.364396
0.366707
0.238561
0.166569
1.323094
2.592593
1.360828
0.881817
0.545279
0.416835
0.46875
0.366565
0.260326
0.185462
1.903827
1.63939
1.207363
0.740335
0.56
0.563025
0.521262
0.360925
0.275793
0.162998
2.65165
2.592593
0.978367
0.902623
0.764659
0.574099
0.492546
0.352159
0.207328
0.214235
2.065591
1.964186
0.880807
0.762246
0.480844
0.603726
0.550788
0.297016
0.285361
0.202364
2.346809
1.496834
1.059256
0.523586
0.682988
0.524473
0.50037
0.360366
0.287493
0.22923
2.290811
1.710667
1.109936
0.726323
0.775878
0.645941
0.516764
0.378288
0.287199
0.181384
1.813169
2.095131
1.082532
0.860576
0.517018
0.584577
0.472242
0.303181
0.253138
0.205086
2.346809
1.238006
1.31146
0.669356
0.598081
0.50768
0.485039
0.26081
0.247782
0.185381
1.31877
2.095131
1.357727
0.853385
0.715336
0.644719
0.471378
0.415049
0.238367
0.156637
2.346809
1.568112
0.918472
0.881733
0.552158
0.472258
0.496255
0.323343
0.231812
0.246823
2.466911
2.290811
1.207363
0.727023
0.616625
0.616157
0.520914
0.341793
0.23231
0.196583
2.592593
1.893459
1.152626
0.557501
0.73993
0.564412
0.454159
0.372611
0.280011
0.253
1.72251
2.095131
1.34469
1.02194
0.801455
0.540115
0.433934
0.368834
0.245071
0.180181
1.974352
1.600822
1.089788
0.819046
0.727359
0.601854
0.480841
0.374692
0.233641
0.23857
2.14002
1.931922
0.962099
0.679171
0.692901
0.613251
0.524029
0.406147
0.242954
0.179043
1.508586
2.237724
1.190697
0.883022
0.784404
0.458302
0.468163
0.315975
0.266145
0.231319
1.602039
2.466911
1.149638
0.977507
0.699588
0.443537
0.497808
0.374502
0.207659
0.229217
2.405626
2.466911
1.111111
0.900018
0.702419
0.644075
0.56341
0.303125
0.203498
0.226769
1.964186
2.346809
1.160137
0.93352
0.766835
0.626387
0.499498
0.302478
0.230958
0.222702
2.346809
1.903827
1.028461
0.99195
0.470544
0.535177
0.552836
0.325826
0.273669
0.151642
1.619848
1.332965
1.024158
0.931053
0.658786
0.53
0.496081
0.378971
0.278837
0.218635
2.699746
1.64746
1.066553
0.855264
0.626387
0.613423
0.568292
0.378011
0.242954
0.248088
1.412341
2.529822
0.794568
0.912871
0.680386
0.604763
0.549784
0.390372
0.25816
0.204324
1.810303
2.237724
0.926769
0.815988
0.739564
0.590951
0.511367
0.404664
0.277059
0.225463
1.49713
1.312197
1.089788
0.815005
0.607443
0.480261
0.532798
0.325318
0.285207
0.20098
1.635275
1.938188
1.046518
0.831384
0.747088
0.63872
0.52662
0.328603
0.248103
0.215208
1.170338
2.592593
1.280658
0.897473
0.504738
0.5875
0.527068
0.31578
0.23368
0.143551
2.165064
2.699746
1.107872
0.837644
0.769262
0.535946
0.571684
0.344265
0.237021
0.214529
1.72251
1.477023
1.350873
0.799925
0.714594
0.623277
0.500718
0.297016
0.218209
0.212906
1.931922
2.1875
1.099408
0.977507
0.725736
0.613251
0.497184
0.341349
0.249495
0.19013
1.903827
1.903827
1.354278
0.818411
0.669327
0.480787
0.545115
0.325683
0.207314
0.205478
1.31146
1.974352
1.026935
0.691618
0.568658
0.623905
0.527632
0.268553
0.20972
0.184745
1.710667
2.346809
0.907105
0.580259
0.674455
0.575148
0.479257
0.302788
0.258533
0.178515
2.095131
2.529822
0.95084
0.813309
0.674667
0.435036
0.586967
0.377518
0.23414
0.231861
1.462782
2.405626
1.126316
0.809328
0.516398
0.73752
0.450789
0.290728
0.226297
0.19644
1.659444
2.346809
0.781893
0.819046
0.659151
0.494928
0.569665
0.280586
0.168629
0.177331
1.361901
2.346809
1.36
0.710047
0.66123
0.513611
0.632456
0.314117
0.226452
0.194783
0.993631
2.65165
1.229837
0.897473
0.543812
0.680299
0.500718
0.375424
0.292058
0.182291
1.893459
2.699746
1.185854
0.993123
0.52048
0.597845
0.498895
0.382211
0.286751
0.195171
1.390493
1.58231
1.170338
0.62181
0.561467
0.668609
0.441
0.283138
0.243791
0.169454
2.699746
2.592593
1.152592
0.909155
0.581546
0.523374
0.513551
0.414978
0.276815
0.193034
2.405626
2.592593
0.968246
1.026935
0.848528
0.540229
0.443492
0.383482
0.261254
0.179227
2.405626
2.290811
1.360828
0.535177
0.522148
0.438957
0.559774
0.344641
0.253138
0.179213
1.323385
1.49713
1.044678
0.962099
0.573461
0.448897
0.429988
0.294251
0.202303
0.211097
2.466911
2.466911
1.31877
0.703833
0.615457
0.538711
0.544421
0.317878
0.219817
0.211391
2.529822
2.592593
0.992278
0.660074
0.495185
0.615587
0.467099
0.280607
0.186396
0.163185
2.405626
2.290811
1.25
0.640822
0.465696
0.464114
0.389738
0.230414
0.314439
0.157891
1.974352
2.699746
0.782624
0.876097
0.538711
0.586988
0.443334
0.348312
0.246823
0.216644
1.451455
2.592593
1.328196
0.984932
0.630519
0.601113
0.532366
0.319628
0.263889
0.165509
2.65165
2.052667
1.21534
1.018519
0.714404
0.370471
0.394233
0.356222
0.281714
0.224938
1.841279
1.462782
1.349873
0.713306
0.700297
0.658436
0.579841
0.298502
0.264999
0.16843
1.354931
1.241404
1.026092
0.835762
0.514898
0.556291
0.517604
0.338996
0.19217
0.225522
1.871138
1.343968
0.893478
0.820312
0.615118
0.666252
0.464992
0.330443
0.260533
0.241179
1.619848
1.68
1.36
0.882018
0.782373
0.535137
0.496255
0.337388
0.249742
0.251536
2.03125
2.65165
1.25
0.76486
0.614375
0.593111
0.548697
0.356172
0.246816
0.203164
2.466911
1.445879
0.769368
0.928201
0.651203
0.50768
0.585607
0.363497
0.277851
0.213172
2.14002
1.931922
1.010766
0.972222
0.650509
0.673387
0.470615
0.325436
0.202917
0.164945
1.121543
2.466911
1.040063
0.509469
0.727355
0.431682
0.465871
0.283695
0.228673
0.215613
1.530931
1.225383
1.210578
0.816439
0.364761
0.650088
0.488281
0.376862
0.264947
0.218428
1.408765
0.947205
1.283001
0.820312
0.581466
0.5179
0.562344
0.3633
0.298054
0.204219
1.728888
2.65165
1.19257
0.907218
0.5843
0.497067
0.47074
0.398432
0.295313
0.241299
2.529822
2.699746
0.989949
0.852477
0.727244
0.572732
0.491797
0.385845
0.211927
0.210204
2.346809
2.405626
1.058421
0.801166
0.697839
0.635551
0.59155
0.287594
0.220864
0.215185
2.592593
1.701035
1.25
0.883022
0.632011
0.488355
0.485972
0.277422
0.269732
0.208543
2.012461
2.405626
1.280658
0.751711
0.746712
0.479413
0.57723
0.329789
0.280578
0.236874
2.529822
2.290811
0.978367
0.881181
0.59151
0.569343
0.46183
0.367348
0.265694
0.230993
2.14002
2.592593
1.213269
0.820341
0.721688
0.625288
0.546475
0.415435
0.253487
0.245371
2.529822
2.65165
0.999209
0.82061
0.777513
0.5956
0.61251
0.263992
0.192448
0.18015
1.285861
1.400541
0.65
0.646701
0.559601
0.510713
0.463236
0.37081
0.300366
0.18377
2.346809
1.21534
1.011279
0.754458
0.83984
0.444695
0.348156
0.352983
0.305424
0.195651
2.346809
2.052667
1.037098
0.993123
0.683594
0.650647
0.572388
0.417086
0.290743
0.183687
2.065591
1.974352
0.618891
0.754167
0.659873
0.629418
0.457153
0.313841
0.242513
0.156803
2.052667
1.462782
0.957619
0.668138
0.727393
0.579968
0.482848
0.345319
0.281687
0.210443
2.405626
2.592593
0.962099
0.837467
0.592559
0.549448
0.455495
0.357771
0.266076
0.205779
1.900658
1.314157
0.57401
0.75308
0.485311
0.58244
0.420507
0.355282
0.240995
0.161955
1.295099
1.383127
1.067521
0.855264
0.592559
0.504499
0.52592
0.338035
0.259316
0.208853
2.346809
1.521452
0.907105
0.838505
0.578658
0.551491
0.452704
0.35312
0.249218
0.210505
1.323385
1.58231
1.152592
0.932419
0.466577
0.619942
0.485311
0.334038
0.292733
0.225874
1.180826
1.786086
1.360828
0.688774
0.788041
0.671408
0.510894
0.292871
0.22221
0.206037
1.677051
2.592593
0.83926
0.88
0.425178
0.483823
0.448897
0.235182
0.245757
0.191606
2.405626
1.619848
1.180826
0.753803
0.544991
0.578512
0.507096
0.329169
0.273669
0.201752
2.052667
1.659444
1.070802
0.765838
0.769586
0.631764
0.536031
0.372606
0.327469
0.227248
1.332965
2.65165
1.360828
0.902555
0.801455
0.667592
0.386335
0.25211
0.206008
0.190506
2.346809
2.699746
1.283001
0.628768
0.800048
0.513145
0.520267
0.340674
0.264074
0.19875
1.997352
1.974352
1.2441
0.881733
0.624321
0.632252
0.51085
0.38018
0.251227
0.171441
1.506367
1.63939
1.356732
0.907098
0.624372
0.523323
0.544279
0.340279
0.285666
0.252793
2.19281
2.14002
1.338877
0.882917
0.559666
0.595362
0.443073
0.393439
0.27847
0.209909
2.405626
1.343968
0.653126
0.820541
0.644168
0.646632
0.533903
0.399889
0.25707
0.212533
2.290811
1.766526
1.049612
0.883022
0.679936
0.57572
0.542238
0.305085
0.214638
0.205067
2.012461
2.209709
1.043346
0.800592
0.531711
0.510894
0.489906
0.340021
0.252445
0.218285
2.466911
2.529822
1.125715
0.952279
0.559968
0.399019
0.347552
0.291707
0.244954
0.182259
2.346809
1.521452
1.082532
0.739741
0.677424
0.437929
0.493787
0.388909
0.287638
0.184675
2.1875
1.454786
1.360828
0.933381
0.67
0.572078
0.456374
0.329373
0.213275
0.241307
2.1875
2.592593
0.96225
0.658786
0.513588
0.410552
0.578835
0.377595
0.26373
0.14147
2.405626
2.14002
1.210578
0.855264
0.767678
0.61251
0.520267
0.264924
0.189564
0.127972
1.734874
0.95991
0.902555
0.723612
0.551704
0.412278
0.406839
0.325269
0.241077
0.217409
2.65165
1.701035
1.21534
0.668138
0.819356
0.522345
0.484521
0.288129
0.197718
0.198479
2.529822
1.974352
1.142735
0.860663
0.614396
0.490897
0.528677
0.330971
0.282765
0.243071
1.931922
1.323385
0.951162
0.949514
0.512907
0.57
0.364431
0.299359
0.26565
0.213801
1.00802
2.346809
0.71334
0.890829
0.706911
0.562403
0.341494
0.218301
0.184039
0.2225
2.65165
0.727354
0.801166
0.859375
0.414565
0.340978
0.527244
0.391844
0.276467
0.198784
2.095131
1.997352
1.229837
0.598984
0.714129
0.608565
0.488412
0.373782
0.302557
0.2618
2.237724
2.14002
1.175645
0.981866
0.73742
0.579773
0.53306
0.346428
0.288513
0.200987
2.529822
2.290811
0.701834
0.988212
0.860571
0.53016
0.550471
0.374033
0.281272
0.199206
1.63939
1.453641
0.712747
0.878607
0.768417
0.630976
0.469401
0.306105
0.237318
0.252204
2.095131
2.405626
1.111111
0.801455
0.754657
0.566951
0.558665
0.346966
0.290619
0.190175
2.165064
2.466911
1.266019
0.95084
0.695604
0.56572
0.512263
0.328654
0.248948
0.216467
2.052667
2.699746
1.360828
0.728793
0.624372
0.523753
0.586526
0.314982
0.269161
0.201709
2.290811
2.290811
1.199668
0.796113
0.582747
0.68768
0.419843
0.394965
0.265343
0.215016
1.931922
1.564304
1.231755
0.839844
0.68768
0.624401
0.553568
0.331077
0.220173
0.225067
1.582524
2.529822
1.274618
0.785436
0.621603
0.542234
0.565244
0.338921
0.177818
0.15073
2.405626
2.237724
1.280658
0.636469
0.626387
0.520476
0.497184
0.268863
0.21775
0.18613
1.491553
2.1875
0.96225
0.933381
0.666965
0.55312
0.536662
0.351283
0.237227
0.138953
1.462782
1.710667
0.942259
0.873842
0.632444
0.579926
0.340702
0.318386
0.260043
0.181068
1.383496
1.687341
1.055194
0.615457
0.655114
0.401045
0.357774
0.375364
0.253825
0.185925
1.810303
2.095131
1.157407
0.929496
0.73547
0.552284
0.548628
0.327197
0.239737
0.186996
2.466911
2.65165
0.838505
0.769368
0.754673
0.501708
0.347512
0.290391
0.214975
0.228593
1.938188
1.333191
0.714605
0.864003
0.528287
0.541422
0.5692
0.31559
0.226323
0.148482
1.58231
2.290811
1.138906
0.859054
0.502849
0.546104
0.440226
0.271972
0.291134
0.181667
1.170338
2.699746
1.211723
0.868983
0.695604
0.5939
0.567493
0.384422
0.28819
0.207565
1.810303
1.734874
1.185946
0.902555
0.673387
0.559333
0.592147
0.371857
0.323195
0.217614
2.346809
2.290811
1.350873
0.922084
0.624221
0.52384
0.469202
0.361066
0.241841
0.229286
1.477023
2.237724
1.052461
0.769306
0.60053
0.509657
0.591111
0.383918
0.313219
0.233209
2.065591
2.699746
1.024556
0.727244
0.831617
0.718755
0.480134
0.390344
0.271044
0.243683
2.346809
1.3226
0.992278
0.962088
0.495614
0.629715
0.51461
0.396327
0.271149
0.17817
2.65165
1.6
1.005171
0.883883
0.510894
0.669356
0.498484
0.385373
0.30339
0.194206
2.14002
1.568112
1.015032
0.589413
0.702167
0.492809
0.469637
0.283854
0.219083
0.179661
2.466911
2.466911
0.801166
0.658786
0.564461
0.46439
0.596807
0.31618
0.209696
0.238635
2.466911
2.065591
1.274618
0.59151
0.697995
0.51658
0.489906
0.421226
0.216001
0.179128
1.31146
1.964186
0.973479
0.740699
0.476517
0.501999
0.482848
0.268286
0.255698
0.202417
0.957619
1.76
1.062601
0.7984
0.586179
0.442252
0.351745
0.324575
0.230555
0.176286
2.699746
1.903827
1.25
0.566922
0.609688
0.632482
0.493787
0.407979
0.284491
0.203393
0.724189
1.781945
1.259822
1.014185
0.640039
0.484521
0.399116
0.277476
0.282579
0.211152
2.529822
2.14002
1.28
0.593158
0.853385
0.717137
0.59151
0.323658
0.307231
0.230418
1.841279
2.09991
1.257008
0.6506
0.622059
0.559968
0.530076
0.304134
0.270555
0.214567
2.012461
2.466911
1.089788
0.792366
0.698771
0.52157
0.540621
0.344171
0.306352
0.209631
2.133462
2.065591
1.157407
0.921775
0.61567
0.484224
0.566098
0.340367
0.294068
0.205196
1.664855
2.237724
1.045683
0.872039
0.709378
0.641321
0.555283
0.316449
0.24137
0.180449
2.346809
1.564304
1.2
0.858073
0.533434
0.544421
0.518959
0.363681
0.287258
0.179792
1.786086
2.012461
1.065428
0.512296
0.764659
0.706911
0.561707
0.344128
0.230741
0.154146
2.699746
2.65165
1.284012
0.705453
0.602677
0.536031
0.466647
0.357265
0.258123
0.232794
2.1875
2.290811
0.988433
0.650514
0.550967
0.556572
0.554641
0.309409
0.276792
0.225268
2.237724
1.552354
0.901291
0.933015
0.637888
0.64
0.51189
0.350752
0.231059
0.209479
2.237724
1.408765
1.266019
0.768176
0.689073
0.656845
0.561467
0.372853
0.299889
0.19217
2.346809
2.09991
1.067521
1.028479
0.574422
0.370375
0.320059
0.205951
0.224632
0.193004
1.854684
1.997352
1.155236
0.856817
0.597543
0.61251
0.528628
0.398405
0.249013
0.240353
2.14002
1.343968
1.249122
0.739053
0.666252
0.650647
0.528636
0.314551
0.268116
0.169033
2.65165
1.657282
1.111111
0.714594
0.592912
0.473306
0.602677
0.363507
0.273588
0.203805
2.012461
1.466261
0.933015
0.64119
0.509806
0.543493
0.402466
0.262126
0.169528
0.116216
1.813169
2.19281
1.31146
0.703833
0.594033
0.478854
0.491383
0.367267
0.29125
0.199464
1.788854
1.938188
0.784404
0.957549
0.763162
0.656433
0.539191
0.388395
0.194941
0.132663
1.325825
1.199668
1.272814
0.88218
0.714742
0.482363
0.389545
0.394213
0.246285
0.189816
1.477023
2.14002
1.213269
0.818411
0.710047
0.621603
0.538302
0.367915
0.279814
0.162191
1.412341
2.012461
1.212383
0.907098
0.517572
0.456609
0.409946
0.236003
0.284599
0.241953
2.699746
2.346809
0.631235
0.752876
0.860284
0.474976
0.516398
0.33469
0.306543
0.201479
1.472756
2.699746
0.847866
1.022391
0.608153
0.457877
0.438768
0.270264
0.245756
0.157031
2.65165
1.938188
0.895211
0.801166
0.629418
0.504408
0.392131
0.281754
0.208091
0.156603
2.237724
2.466911
1.31877
0.872039
0.669356
0.527899
0.49294
0.333241
0.228614
0.167747
1.58231
1.871138
0.903696
0.881181
0.639473
0.483374
0.398838
0.345033
0.244915
0.237218
1.342593
1.195335
0.946729
0.915949
0.683598
0.550403
0.543812
0.360783
0.268815
0.236767
1.272814
2.14002
1.160097
0.880053
0.763604
0.646428
0.607114
0.349546
0.249383
0.174682
2.290811
1.875
1.261019
0.907105
0.69282
0.581456
0.402484
0.366102
0.286256
0.256997
2.14002
2.529822
1.270582
0.590569
0.579968
0.504781
0.549784
0.38336
0.249188
0.248418
1.931922
2.237724
1.120068
0.81503
0.67082
0.625
0.538616
0.398303
0.286774
0.200967
1.766526
1.63939
1.052461
0.926995
0.64287
0.553065
0.436008
0.242108
0.230843
0.170174
2.1875
1.64746
1.269218
0.890829
0.624173
0.539989
0.397221
0.321412
0.16442
0.229591
1.841279
2.1875
0.81763
0.829347
0.675436
0.698771
0.593111
0.339859
0.239643
0.20375
2.03125
1.481481
1.158744
0.749007
0.644168
0.655055
0.426211
0.389942
0.285336
0.20391
1.854684
1.931922
1.068607
0.948683
0.819356
0.650509
0.522773
0.303498
0.27438
0.2142
1.423025
1.786086
0.961578
0.758201
0.706109
0.634781
0.504708
0.368652
0.296169
0.191989
1.436311
1.412341
0.785196
0.961578
0.763675
0.60633
0.562403
0.334552
0.234087
0.217437
1.664855
1.170338
1.31146
1.002265
0.780225
0.648006
0.605624
0.384465
0.286055
0.234724
1.412341
2.290811
1.309457
0.93218
0.702419
0.632772
0.421808
0.400031
0.24457
0.167179
2.346809
1.710667
1.203704
0.753371
0.444772
0.48298
0.524901
0.378302
0.267788
0.205087
2.405626
1.212383
1.284012
0.869058
0.794373
0.574228
0.486111
0.349758
0.296045
0.176413
2.405626
2.290811
1.213269
0.931053
0.537406
0.481145
0.408558
0.278107
0.208342
0.162387
1.659444
1.448836
0.999209
0.750231
0.664551
0.646632
0.466201
0.2884
0.204364
0.201709
1.786086
1.997352
1.005171
0.750231
0.648797
0.583188
0.460735
0.331488
0.245189
0.173318
2.346809
1.662612
0.761719
0.986726
0.708216
0.388032
0.564412
0.277344
0.29141
0.210654
2.237724
1.76
1.095445
0.7
0.727359
0.616316
0.514193
0.395672
0.28849
0.247276
2.65165
1.336243
0.999906
0.860309
0.680387
0.641321
0.351341
0.237955
0.196721
0.183891
1.238006
2.466911
0.77935
0.985404
0.658354
0.456234
0.455242
0.293266
0.262059
0.214882
2.65165
1.997352
1.057736
0.918472
0.626387
0.675436
0.579801
0.306105
0.235707
0.150594
2.290811
2.14002
1.338877
0.725736
0.690785
0.548697
0.50571
0.342947
0.218193
0.166838
1.600822
2.14002
1.066731
0.994369
0.64119
0.538933
0.48934
0.365621
0.240283
0.257151
2.052667
1.619848
1.309457
0.959354
0.597543
0.533684
0.529774
0.34749
0.234702
0.155463
2.290811
1.216224
1.175645
1.014185
0.761719
0.522295
0.438365
0.320747
0.177145
0.170228
2.1875
1.6
1.25
0.568111
0.775878
0.565244
0.552427
0.351345
0.241725
0.207056
1.841279
1.734874
1.074802
0.958374
0.672154
0.552284
0.474824
0.390593
0.230662
0.154814
2.466911
1.546796
1.207451
0.669189
0.746009
0.628049
0.502742
0.218039
0.172761
0.209162
1.964186
2.346809
1.018234
0.985404
0.68942
0.604763
0.483789
0.318657
0.268026
0.215263
2.346809
2.237724
0.833556
0.820541
0.5692
0.561153
0.600943
0.333073
0.215544
0.153456
2.529822
2.346809
1.354278
0.822304
0.557501
0.614919
0.446727
0.219192
0.174908
0.147602
1.659444
2.237724
1.025683
0.626631
0.621269
0.651894
0.607415
0.35707
0.284972
0.175781
1.568112
1.436311
0.800592
0.835191
0.754039
0.606339
0.430628
0.29091
0.267701
0.225629
1.333191
1.813169
1.338877
0.799925
0.742188
0.68963
0.530881
0.360844
0.255899
0.149812
1.813169
2.65165
1.185854
0.881181
0.826717
0.484455
0.435664
0.20797
0.225067
0.179661
2.592593
1.712016
0.781216
0.818411
0.700297
0.52048
0.44206
0.328311
0.284264
0.229286
0.734249
1.433156
1.338877
0.819046
0.68963
0.554649
0.529148
0.355489
0.265207
0.210277
2.529822
2.346809
1.175645
0.701985
0.474009
0.465696
0.380625
0.277503
0.205765
0.212697
2.699746
2.1875
0.882637
0.845481
0.647381
0.453926
0.476468
0.353712
0.243253
0.175033
1.83324
2.529822
1.341641
0.883022
0.5843
0.424929
0.387939
0.22461
0.278623
0.195672
1.423025
2.592593
1.328196
0.679304
0.613926
0.694284
0.5674
0.389228
0.26071
0.205672
1.536789
1.854684
1.083622
0.678067
0.754851
0.673387
0.561588
0.369527
0.209611
0.180384
1.448836
2.237724
1.217161
0.806416
0.62848
0.655114
0.54173
0.352371
0.210794
0.17063
2.466911
1.938188
0.880807
0.505956
0.706911
0.440559
0.418059
0.330189
0.254977
0.216846
2.592593
1.48486
0.993631
0.946729
0.778388
0.46047
0.5
0.369232
0.257844
0.187044
2.529822
2.699746
1.015889
0.978367
0.725819
0.490279
0.546351
0.292364
0.263683
0.176061
2.405626
1.530931
1.099408
0.792366
0.700062
0.517747
0.438365
0.300291
0.291982
0.219317
2.65165
2.466911
0.969812
0.792366
0.685871
0.478225
0.538758
0.353717
0.331554
0.225364
2.699746
1.417367
1.088518
0.832584
0.691016
0.536312
0.547723
0.281184
0.1425
0.141331
1.491553
1.712016
1.259822
0.961665
0.42217
0.352659
0.607114
0.36866
0.313039
0.21383
1.72251
2.529822
0.960058
0.754039
0.742188
0.479187
0.529415
0.326621
0.223117
0.169378
2.290811
0.961578
0.90379
0.714404
0.51189
0.390989
0.455582
0.199711
0.168707
0.212844
1.131439
1.30444
1.216681
0.669782
0.684043
0.365621
0.394943
0.296277
0.254306
0.209667
1.213269
2.699746
0.993617
0.669356
0.63957
0.649458
0.534609
0.403207
0.289906
0.192673
2.346809
1.530931
0.869192
0.785125
0.564461
0.472262
0.422106
0.283695
0.212427
0.156088
2.592593
2.466911
0.675493
0.81503
0.734638
0.592559
0.534979
0.28718
0.252434
0.201875
1.788854
2.052667
1.156303
0.925926
0.800048
0.478824
0.428183
0.369215
0.294398
0.221893
1.710667
0.903696
1.046518
0.960493
0.739783
0.679191
0.417905
0.365991
0.270369
0.252835
2.65165
2.1875
0.835762
0.669586
0.706171
0.628049
0.406025
0.328921
0.300282
0.225184
2.237724
1.395989
1.054203
0.86542
0.724471
0.634108
0.544819
0.38568
0.218586
0.176025
1.643168
0.986726
0.909509
1.008815
0.398876
0.441223
0.421808
0.298542
0.219192
0.219142
2.405626
2.290811
0.93339
0.903696
0.698771
0.572388
0.583188
0.355102
0.271506
0.209972
1.766526
1.710667
1.190697
0.836547
0.802508
0.623277
0.584731
0.328178
0.27649
0.219977
1.64746
2.012461
0.84195
0.754673
0.764659
0.648984
0.520476
0.391037
0.278508
0.207111
1.120068
1.754835
0.784404
0.54935
0.708216
0.638199
0.542205
0.402485
0.244524
0.24223
1.931922
1.76
1.25
0.71123
0.714706
0.471111
0.53028
0.348614
0.235788
0.211031
1.810303
2.237724
1.066372
0.960493
0.640348
0.661547
0.512575
0.370471
0.275155
0.224405
2.133462
2.290811
0.750241
0.783884
0.673844
0.538888
0.535919
0.358177
0.251729
0.240023
2.405626
2.290811
1.280658
0.742188
0.799936
0.459151
0.508035
0.342415
0.261861
0.199501
2.346809
1.530931
1.309457
0.67
0.691301
0.564241
0.551394
0.333937
0.303449
0.213833
2.529822
1.974352
1.003711
0.802307
0.599944
0.639473
0.452675
0.308221
0.23115
0.186015
2.405626
2.052667
1.216681
0.815988
0.695604
0.533434
0.577274
0.398968
0.28242
0.173455
1.185946
1.619848
1.160137
0.961665
0.624316
0.640803
0.330155
0.251932
0.206173
0.165511
2.346809
1.574074
1.190697
0.664098
0.544421
0.46875
0.399306
0.308307
0.205819
0.177498
1.712016
1.303952
0.860284
0.492466
0.649005
0.577948
0.459151
0.329428
0.202992
0.218206
2.405626
1.216625
1.104644
0.801166
0.691016
0.544279
0.438922
0.321412
0.247871
0.241704
1.383496
1.332555
1.206869
0.944346
0.725268
0.580246
0.585938
0.342662
0.26843
0.216548
2.095131
1.964186
1.357727
0.955211
0.593286
0.623089
0.44813
0.30317
0.24882
0.175791
1.552354
1.811177
1.054203
0.895211
0.515837
0.58309
0.561467
0.267186
0.227896
0.243735
2.65165
1.569687
0.907098
0.718755
0.784674
0.553883
0.511403
0.296001
0.268259
0.207702
1.371521
1.568112
1.203704
0.917969
0.781101
0.644531
0.572915
0.324908
0.252838
0.184376
1.272814
2.699746
1.062601
0.99037
0.823694
0.574099
0.485371
0.284728
0.247858
0.194024
1.841279
2.699746
0.768395
0.794373
0.683594
0.364396
0.562414
0.322845
0.235835
0.186345
1.288533
1.496834
1.270582
0.637425
0.73833
0.579132
0.419747
0.287942
0.250895
0.170406
2.237724
2.065591
1.349873
0.78868
0.568506
0.51519
0.406668
0.389465
0.291005
0.211615
1.564304
1.529773
1.086229
0.957619
0.753553
0.624401
0.55113
0.356413
0.198028
0.199226
2.529822
2.14002
1.25
0.658354
0.662028
0.492466
0.61239
0.331407
0.247024
0.156126
1.63939
2.237724
1.199668
0.83926
0.780112
0.59902
0.416684
0.268955
0.154543
0.1618
2.405626
2.65165
1.360828
0.713306
0.510995
0.480186
0.497205
0.278356
0.236767
0.159654
2.529822
2.65165
1.341641
0.787466
0.514488
0.531573
0.401584
0.292041
0.196028
0.139986
1.83324
1.841279
1.095445
0.635551
0.38689
0.402097
0.542234
0.353766
0.2554
0.205112
1.25
2.133462
1.049563
0.955211
0.754851
0.636469
0.53356
0.379664
0.269204
0.213269
2.237724
1.361901
1.357727
0.944346
0.763675
0.603833
0.465871
0.326708
0.213412
0.169678
1.510693
2.14002
0.990332
0.765838
0.639473
0.538758
0.513551
0.26711
0.23667
0.138748
1.390493
1.381068
0.993123
0.711136
0.419003
0.695604
0.579968
0.342656
0.270203
0.211022
1.690432
2.346809
1.356732
0.933015
0.687465
0.600308
0.462585
0.350584
0.250588
0.232058
1.462782
2.290811
1.026092
0.902623
0.580259
0.665449
0.419941
0.386559
0.283251
0.229611
1.249122
1.49713
1.043346
0.593914
0.714594
0.680442
0.432736
0.382609
0.28619
0.201463
1.643168
2.466911
1.28
0.882917
0.682269
0.544296
0.454385
0.426898
0.280245
0.21168
2.592593
1.909009
0.754804
0.835191
0.768781
0.673387
0.454577
0.38234
0.292024
0.23039
2.14002
2.592593
1.046518
0.562936
0.77338
0.692016
0.489762
0.320742
0.255804
0.216309
1.103087
2.529822
1.360828
0.962099
0.691272
0.570544
0.552836
0.345755
0.250137
0.227389
1.635275
2.466911
1.148299
0.896487
0.601854
0.445435
0.444695
0.313197
0.257338
0.194633
2.133462
1.83324
1.062601
0.874636
0.67082
0.557229
0.540115
0.313605
0.262371
0.172941
2.095131
1.870439
1.350873
0.68768
0.647381
0.567612
0.398303
0.304085
0.191867
0.191773
1.338877
2.065591
1.341641
0.740116
0.725204
0.461908
0.478146
0.306351
0.210812
0.135144
2.529822
1.701035
0.611944
0.597845
0.56
0.549799
0.555813
0.407849
0.283517
0.206886
2.65165
2.012461
1.328196
0.988433
0.820537
0.607415
0.434791
0.402911
0.257481
0.229958
2.592593
1.510693
0.879917
1.002265
0.726323
0.644719
0.442922
0.363595
0.293266
0.195037
2.346809
1.870439
0.85048
0.714706
0.649038
0.507264
0.375879
0.325683
0.193284
0.165203
1.536789
2.09991
0.993617
0.860323
0.59902
0.418261
0.533025
0.308603
0.240256
0.225224
1.974352
1.931922
0.83984
0.933381
0.826717
0.633893
0.501708
0.390608
0.284599
0.210806
2.290811
1.015032
0.927342
0.85701
0.63957
0.601113
0.543285
0.321878
0.261237
0.21809
2.237724
2.237724
1.332555
0.739741
0.77338
0.620428
0.570672
0.380421
0.235986
0.229741
2.699746
2.592593
1.359877
0.907934
0.59902
0.526909
0.592003
0.322689
0.214916
0.202575
1.997352
1.811177
1.022391
0.607722
0.579187
0.528005
0.581259
0.377638
0.244334
0.203338
2.237724
2.290811
1.309457
0.751758
0.680803
0.528677
0.42886
0.317579
0.178444
0.137051
2.405626
1.529773
0.931622
0.750231
0.524044
0.33021
0.288473
0.251852
0.296482
0.235907
1.810303
1.72251
0.894427
0.695604
0.562183
0.648984
0.511333
0.363504
0.259741
0.1425
1.49713
2.095131
0.685871
0.899915
0.640803
0.573696
0.348572
0.303162
0.197117
0.154083
1.568112
0.859919
1.280658
0.801652
0.476731
0.480204
0.360255
0.253567
0.214335
0.234546
1.409373
1.564304
1.149638
0.875244
0.607119
0.605994
0.532981
0.315033
0.275853
0.204966
2.592593
1.280695
1.160518
0.99195
0.682269
0.632456
0.398759
0.331943
0.277658
0.231273
2.699746
2.529822
1.207451
0.615583
0.668138
0.624204
0.53356
0.397779
0.303579
0.223877
1.68
2.699746
1.266019
0.750336
0.579968
0.436696
0.446511
0.31759
0.245
0.228872
1.343968
2.592593
1.066372
0.957549
0.712747
0.687465
0.484984
0.255954
0.19202
0.161352
2.466911
1.155236
1.338877
0.628049
0.550403
0.597543
0.433519
0.353553
0.205927
0.201998
1.900658
1.788854
1.043346
0.680414
0.61239
0.438709
0.537434
0.305185
0.183565
0.180342
1.974352
2.095131
1.275776
1.014185
0.500882
0.479187
0.422955
0.248547
0.183106
0.196711
2.466911
1.600822
1.185854
0.617582
0.683594
0.379323
0.474103
0.302222
0.179556
0.218863
1.854684
1.619848
0.740698
0.784404
0.457176
0.677424
0.572078
0.333405
0.29302
0.245696
1.841279
2.529822
0.961665
0.932945
0.575148
0.566951
0.45
0.33902
0.249112
0.187048
1.025683
1.619848
1.121841
0.666252
0.714594
0.544192
0.561707
0.388638
0.299655
0.20129
2.290811
2.405626
1.022391
0.781893
0.79196
0.564888
0.548386
0.369469
0.270955
0.221983
2.65165
1.68
0.902805
0.62341
0.622717
0.555514
0.598148
0.281337
0.267239
0.197418
1.938188
2.699746
0.932988
0.725204
0.772307
0.5
0.507812
0.373492
0.291895
0.211004
2.405626
2.529822
1.296296
0.642025
0.743597
0.54846
0.544991
0.390351
0.235788
0.158352
1.687341
1.371282
1.104854
0.883022
0.610815
0.589849
0.507823
0.331564
0.26123
0.210453
1.074802
1.58231
1.159069
0.725678
0.556572
0.530493
0.549448
0.343401
0.284322
0.241247
2.529822
1.83324
0.882589
0.744203
0.439104
0.595362
0.465475
0.345844
0.255112
0.217548
1.622241
2.290811
1.067521
0.68922
0.578835
0.554641
0.614771
0.365278
0.268602
0.219182
2.237724
2.1875
1.360828
0.897473
0.815005
0.6
0.62348
0.352371
0.273499
0.170772
2.237724
1.643168
0.648984
0.642006
0.675968
0.600943
0.49679
0.296808
0.268464
0.21832
1.677051
1.210369
1.270582
0.82002
0.680387
0.610491
0.444341
0.409336
0.295274
0.144181
1.103236
2.03125
0.952734
0.695604
0.468301
0.313316
0.353167
0.298311
0.177517
0.234451
1.854684
1.325825
0.835191
0.833368
0.37628
0.392446
0.569508
0.428598
0.257131
0.219945
1.093399
1.563664
1.288533
0.838175
0.740698
0.549784
0.421043
0.313208
0.252167
0.195733
1.938188
1.225383
1.155236
0.651203
0.702167
0.518677
0.42799
0.336466
0.233678
0.126884
1.152626
1.631852
0.753184
0.724471
0.664551
0.641321
0.401585
0.280605
0.17401
0.156178
1.527207
1.788854
0.83962
0.680803
0.58554
0.294656
0.387788
0.25024
0.180238
0.228179
2.466911
1.160518
0.774156
0.918472
0.583594
0.535137
0.572468
0.346955
0.264987
0.226338
1.366075
2.1875
1.216681
0.769586
0.518811
0.600861
0.588632
0.392506
0.259439
0.250347
2.529822
1.513223
1.121841
0.831617
0.713306
0.52809
0.509259
0.378819
0.311013
0.222104
1.690432
1.448836
1.274618
0.896487
0.811899
0.536656
0.493787
0.396683
0.243354
0.165018
1.68
0.942259
1.146326
0.883883
0.509813
0.535919
0.436577
0.281101
0.194211
0.207106
2.012461
1.125715
1.098259
0.646428
0.694284
0.610815
0.549784
0.361621
0.246694
0.23821
2.699746
1.701035
1.206869
0.931053
0.682988
0.477982
0.489955
0.288595
0.255225
0.232865
1.249122
2.529822
1.185854
1.026463
0.750241
0.571407
0.444684
0.370694
0.205424
0.162298
2.699746
2.14002
1.328196
0.894427
0.713868
0.40032
0.375588
0.380363
0.186983
0.153896
2.1875
1.00223
0.909155
0.81763
0.690058
0.579612
0.444436
0.380319
0.231683
0.17409
2.290811
1.931922
1.360828
0.697122
0.72262
0.54846
0.434307
0.361773
0.268028
0.233134
1.997352
2.237724
1.261019
0.796599
0.755347
0.553905
0.483508
0.3204
0.254387
0.246794
1.153172
1.900658
1.213269
0.844995
0.768781
0.628768
0.506228
0.341158
0.270762
0.222375
2.237724
2.133462
1.049955
0.893478
0.697889
0.574228
0.588042
0.345191
0.252454
0.217246
2.1875
2.466911
1.152626
0.93352
0.714594
0.648519
0.520476
0.301177
0.247482
0.226269
2.466911
1.754835
1.160097
0.63957
0.632456
0.495818
0.326725
0.260657
0.194396
0.135299
1.303952
1.781945
0.898438
0.816439
0.6087
0.420045
0.440226
0.321378
0.164923
0.187514
1.811177
1.786086
1.28
0.746009
0.528005
0.474757
0.428526
0.237714
0.171969
0.168254
2.405626
1.701035
1.199193
0.711302
0.669919
0.500441
0.550967
0.35707
0.276909
0.194163
1.687341
2.052667
1.270582
0.907105
0.596647
0.598962
0.466385
0.400921
0.226744
0.154934
1.900658
1.974352
0.806416
0.675493
0.710404
0.465815
0.30646
0.310897
0.219038
0.242337
1.491553
1.149638
0.607415
0.5
0.701415
0.614396
0.438406
0.415435
0.271029
0.250588
1.63939
1.841279
1.180826
0.789938
0.697122
0.657354
0.59151
0.402482
0.24091
0.218815
2.237724
2.237724
1.045683
0.600447
0.651203
0.467405
0.583906
0.339673
0.260142
0.209131
2.466911
1.179334
1.21534
0.933075
0.650791
0.629418
0.552836
0.314439
0.302995
0.1734
2.14002
2.346809
1.028479
0.7
0.677772
0.520267
0.469904
0.282473
0.188747
0.183726
2.03125
1.813169
1.359877
0.717137
0.624085
0.606749
0.470872
0.257309
0.239845
0.166492
1.920116
1.584015
0.894427
0.790569
0.723732
0.356934
0.431782
0.339835
0.237765
0.19848
1.261019
0.895211
0.725268
0.779927
0.548363
0.418609
0.422106
0.230841
0.237666
0.172727
2.346809
2.052667
0.904703
0.874636
0.754167
0.621557
0.572468
0.342615
0.284334
0.210885
2.529822
2.405626
1.159443
0.933075
0.752186
0.548543
0.47556
0.3963
0.251451
0.214151
1.938188
1.176785
0.91113
0.909155
0.599744
0.646632
0.589256
0.404522
0.278648
0.149414
1.931922
2.592593
1.261019
0.923545
0.680307
0.593158
0.35892
0.245506
0.197354
0.141865
2.65165
2.699746
1.259822
0.959354
0.68768
0.55113
0.317054
0.369358
0.261186
0.232058
2.1875
1.854684
1.216681
0.99037
0.717137
0.568292
0.482919
0.354344
0.250102
0.230539
2.19281
1.264911
1.155236
0.672345
0.623905
0.560688
0.407849
0.341602
0.225629
0.210543
1.266019
2.529822
1.195335
1.018519
0.766841
0.624204
0.431797
0.226049
0.168716
0.178273
1.396078
1.303952
0.922084
0.680442
0.387214
0.469904
0.47589
0.264579
0.250854
0.170573
1.354931
1.274618
1.066553
0.497443
0.558534
0.482363
0.45358
0.332271
0.220745
0.195775
2.346809
2.592593
1.356732
0.80904
0.580069
0.616157
0.575148
0.353077
0.265369
0.225753
1.786086
1.68
0.819046
1.002265
0.645098
0.541129
0.512046
0.326311
0.282021
0.243428
2.290811
1.619848
1.2
0.795046
0.784674
0.621557
0.575148
0.305967
0.275586
0.195729
2.1875
1.974352
1.269218
0.691271
0.64
0.593539
0.532
0.309703
0.241902
0.208317
2.529822
0.899589
1.350873
1.028461
0.624561
0.641321
0.484461
0.372042
0.273595
0.235702
2.466911
2.237724
0.909155
0.763291
0.68922
0.621269
0.489834
0.350226
0.275226
0.198932
2.65165
1.152269
1.255658
0.918472
0.785619
0.486864
0.413778
0.262462
0.244504
0.173646
1.938188
2.095131
0.683598
0.756611
0.721688
0.625
0.48011
0.278911
0.210873
0.161923
2.052667
2.529822
1.328196
0.874636
0.47881
0.562183
0.517091
0.295377
0.208581
0.127681
1.584015
2.065591
0.872039
0.731564
0.569665
0.391303
0.483307
0.302034
0.199471
0.20444
2.529822
2.466911
1.350873
0.944346
0.673387
0.610653
0.499338
0.245506
0.201813
0.173144
2.346809
2.405626
1.157407
0.802572
0.56446
0.420104
0.558311
0.287784
0.180027
0.227322
1.06248
1.218917
0.882917
0.5843
0.490279
0.651203
0.416996
0.338179
0.264207
0.219836
1.72251
1.76
1.074802
0.905562
0.713765
0.540947
0.561556
0.350787
0.257556
0.20792
1.964186
2.592593
1.360828
0.860309
0.533325
0.575148
0.415808
0.360862
0.314175
0.217017
2.592593
2.529822
1.218917
0.909509
0.624372
0.447025
0.505995
0.373551
0.255642
0.21651
2.165064
1.810303
1.274618
0.76486
0.7698
0.63
0.619266
0.39708
0.26406
0.21076
2.405626
2.405626
1.028461
0.926995
0.769748
0.646632
0.518576
0.387731
0.264794
0.202007
2.095131
1.602039
0.997889
0.860571
0.573461
0.463758
0.445657
0.273972
0.220737
0.123973
2.466911
2.592593
1.359877
0.448243
0.685325
0.58
0.342627
0.435689
0.304705
0.22285
1.893459
1.811177
0.632753
0.779927
0.669327
0.610815
0.523388
0.354344
0.251095
0.170077
1.225383
1.903827
1.28
0.956138
0.703125
0.616047
0.552836
0.312264
0.225167
0.172171
1.63939
2.346809
1.283001
0.760007
0.50695
0.621557
0.517294
0.365436
0.229435
0.174005
2.290811
2.529822
1.309457
0.914188
0.592927
0.387144
0.372606
0.266632
0.189471
0.121602
2.65165
2.65165
1.283001
0.632444
0.730815
0.659896
0.52554
0.360783
0.290766
0.265362
1.938188
1.704026
1.282379
0.925092
0.772307
0.578152
0.494308
0.378444
0.275948
0.203008
2.466911
1.931922
1.34469
0.851147
0.820244
0.570048
0.529501
0.384595
0.300107
0.215858
1.175645
1.997352
0.901291
0.601055
0.69282
0.586256
0.532981
0.348674
0.246082
0.199471
1.997352
1.938188
1.28
0.740335
0.81763
0.566864
0.547603
0.296685
0.19245
0.244096
2.466911
2.290811
0.954504
0.667014
0.650647
0.53
0.563468
0.386475
0.2354
0.218863
1.241267
2.346809
1.266019
0.838775
0.649347
0.636469
0.488002
0.266093
0.242627
0.173089
2.290811
1.619848
1.25
1.026463
0.566098
0.598081
0.470276
0.272035
0.226547
0.200087
1.466261
1.710667
1.214886
0.608153
0.636403
0.568506
0.426211
0.29519
0.274104
0.199453
2.405626
2.405626
1.204928
0.860571
0.628768
0.463236
0.454089
0.357672
0.224892
0.204157
1.788854
1.314157
1.207363
0.927554
0.768417
0.560288
0.42332
0.430809
0.272562
0.239696
1.550551
1.744369
1.350873
0.7698
0.766841
0.560288
0.445277
0.406867
0.269466
0.211651
1.702294
1.424272
1.218917
0.820312
0.735491
0.575148
0.592519
0.350343
0.256931
0.222702
1.257008
2.14002
0.958932
0.968246
0.564241
0.416136
0.4042
0.35586
0.228995
0.191113
1.659444
2.466911
1.328196
0.73547
0.73721
0.610633
0.408144
0.362744
0.258123
0.157814
1.231755
2.1875
1.350873
0.816327
0.645497
0.453292
0.410156
0.339175
0.214362
0.182478
1.931922
2.466911
1.354278
0.751596
0.62741
0.3887
0.524044
0.334552
0.188853
0.190648
1.931922
2.346809
0.99037
0.706911
0.535201
0.486568
0.445061
0.262758
0.217295
0.210886
1.280695
1.662612
1.162913
0.820537
0.593447
0.528287
0.5179
0.34749
0.28068
0.230287
2.466911
2.466911
0.952734
0.624372
0.801455
0.695507
0.53356
0.330587
0.273991
0.186868
2.213594
2.237724
0.501091
0.879917
0.706911
0.578152
0.592559
0.342566
0.304134
0.216177
0.976562
1.788854
1.195316
1.018519
0.599006
0.69282
0.522189
0.329373
0.198714
0.14968
2.529822
2.592593
1.274618
0.6415
0.758017
0.499498
0.353698
0.241677
0.165209
0.165981
2.095131
2.65165
0.754673
0.83984
0.466865
0.682269
0.492659
0.301634
0.200659
0.165164
1.381068
1.388889
0.821796
0.727354
0.408995
0.615417
0.447172
0.305881
0.179549
0.216866
1.092158
1.491553
1.36
0.740335
0.769047
0.605861
0.469401
0.418757
0.269451
0.216136
1.909009
1.734874
1.207363
0.783884
0.740335
0.587538
0.406358
0.391443
0.266207
0.18176
1.6
2.237724
1.332555
0.854914
0.688425
0.623277
0.644075
0.370471
0.297072
0.20055
2.466911
1.29195
0.842201
0.860309
0.769262
0.466538
0.55312
0.321768
0.245503
0.249929
2.237724
2.699746
1.34469
0.839921
0.769262
0.600308
0.461445
0.29766
0.241676
0.188296
1.76
2.012461
1.111111
0.755627
0.586437
0.578235
0.44823
0.390351
0.205083
0.198251
2.290811
2.65165
1.270582
0.700904
0.731564
0.64037
0.427002
0.353735
0.266145
0.227602
0.782624
2.466911
1.284012
0.723612
0.598081
0.52554
0.597845
0.372698
0.316683
0.227823
2.529822
1.395989
0.925092
0.802307
0.559774
0.463498
0.437837
0.270241
0.237214
0.174146
2.405626
2.052667
1.206869
0.78125
0.692016
0.538758
0.361085
0.321169
0.230111
0.155011
1.64746
2.290811
1.111111
0.836547
0.559774
0.364396
0.38234
0.24372
0.210979
0.161886
2.14002
2.1875
0.926769
0.700904
0.493482
0.583496
0.491173
0.331633
0.253143
0.208466
1.631852
1.710667
0.680414
0.802331
0.641022
0.648838
0.566139
0.379588
0.255485
0.233533
1.619848
1.448836
0.88218
0.724471
0.605684
0.583545
0.561588
0.354791
0.274977
0.20551
2.237724
1.938188
1.138906
0.958374
0.658436
0.626631
0.644719
0.346378
0.289469
0.227573
2.346809
2.699746
1.066553
0.820341
0.675493
0.528005
0.489955
0.290139
0.271412
0.224323
1.619848
2.699746
1.210578
0.905562
0.498945
0.591072
0.537106
0.398262
0.225003
0.250546
2.529822
2.405626
1.005171
0.927554
0.496562
0.598081
0.516764
0.441357
0.314941
0.213658
1.781945
2.529822
1.099408
0.690785
0.819356
0.599749
0.46584
0.359575
0.252943
0.171861
1.202813
2.699746
1.349873
0.768417
0.455049
0.494769
0.359262
0.259976
0.217718
0.170894
1.400541
2.052667
0.859054
0.664062
0.710404
0.606027
0.553386
0.377146
0.240268
0.219155
2.290811
1.84
1.255658
0.905151
0.677772
0.656433
0.57
0.355473
0.296246
0.215196
1.436311
2.699746
0.800592
0.895421
0.720044
0.59155
0.435273
0.279753
0.238178
0.191902
1.448836
1.011939
1.12
0.860284
0.566406
0.605994
0.523076
0.340698
0.223314
0.201742
2.592593
2.592593
0.862176
0.717137
0.678366
0.627256
0.536275
0.357672
0.264016
0.226667
2.405626
1.734874
1.280658
0.933075
0.555514
0.609114
0.54846
0.384059
0.256393
0.139987
1.931922
2.346809
0.859375
0.907105
0.785619
0.372707
0.367454
0.268899
0.161255
0.118434
1.142672
1.049563
0.702419
0.505076
0.47165
0.297774
0.301717
0.231054
0.172582
0.230374
1.931922
1.841279
0.659151
0.956138
0.68942
0.605861
0.524025
0.360257
0.321707
0.241686
2.466911
1.664855
1.238006
0.802331
0.512796
0.630013
0.547262
0.412364
0.283107
0.183043
2.592593
1.786086
1.121841
0.701415
0.546016
0.499708
0.448897
0.382517
0.212446
0.157065
2.290811
1.266019
1.175645
0.796238
0.585111
0.61054
0.390271
0.344427
0.261306
0.218789
2.346809
1.931922
1.275776
0.644719
0.583188
0.631235
0.495868
0.330457
0.296029
0.230634
1.701035
1.920116
1.063944
0.988212
0.573775
0.356198
0.546862
0.306471
0.223903
0.181998
1.288533
1.964186
1.325825
0.73833
0.795046
0.543951
0.435052
0.297016
0.217081
0.174591
1.903827
1.786086
0.993123
0.586179
0.627256
0.436247
0.431636
0.280723
0.257559
0.17293
2.346809
1.875
1.057736
0.610815
0.633579
0.396502
0.368605
0.293641
0.196282
0.14082
1.938188
1.134023
0.993808
0.640873
0.580745
0.557657
0.38689
0.281465
0.191718
0.221284
1.63939
1.400541
0.896867
0.623089
0.727355
0.67082
0.538302
0.322814
0.250625
0.226593
2.466911
1.997352
1.160097
0.793477
0.660074
0.523323
0.57723
0.414241
0.222272
0.250427
1.974352
2.592593
1.283001
0.555402
0.826717
0.498775
0.561313
0.359575
0.228472
0.211281
1.600822
2.592593
1.284012
0.780252
0.669999
0.598081
0.591111
0.380106
0.281103
0.215707
2.1875
1.336243
1.231755
0.881733
0.466869
0.522345
0.326459
0.257661
0.178502
0.112811
2.529822
2.592593
1.106797
0.927554
0.640803
0.54361
0.381802
0.228303
0.133576
0.132134
1.83324
2.592593
1.028461
0.604787
0.720044
0.708216
0.475826
0.343167
0.285361
0.230386
1.408765
2.346809
1.274618
0.99037
0.779927
0.699934
0.506882
0.384783
0.282872
0.235884
1.342593
1.400541
1.283001
0.919914
0.522951
0.533444
0.5956
0.295157
0.261205
0.158021
1.185108
1.565248
0.671669
0.667879
0.507595
0.542209
0.419591
0.347183
0.234702
0.147394
2.14002
2.592593
1.110804
0.714707
0.556823
0.496255
0.44198
0.343354
0.269271
0.239385
1.552354
1.854684
1.160137
0.669586
0.669435
0.514146
0.4832
0.341913
0.241121
0.238422
2.699746
2.405626
1.022446
0.883022
0.739008
0.458798
0.482919
0.417086
0.330757
0.188526
1.964186
2.466911
1.216681
0.739783
0.550471
0.421654
0.378971
0.281979
0.228307
0.148457
2.466911
2.065591
0.820341
0.420736
0.499679
0.55
0.364702
0.299256
0.179441
0.090294
1.68
2.1875
0.882637
0.482848
0.347427
0.357342
0.478775
0.361786
0.279053
0.224971
1.195316
1.521452
1.360828
0.927554
0.598347
0.604129
0.512796
0.384864
0.279848
0.221844
1.049955
2.65165
0.872361
0.712785
0.664551
0.666252
0.515742
0.340545
0.235247
0.193269
1.788854
2.065591
1.270582
0.988433
0.549448
0.57678
0.512241
0.35586
0.256349
0.183128
1.513223
1.508586
0.93339
0.80196
0.699934
0.557229
0.508531
0.279615
0.248957
0.15744
1.854684
1.643168
1.065428
0.823694
0.614771
0.474519
0.583594
0.373569
0.299967
0.199868
2.592593
2.165064
1.199668
1.028479
0.518029
0.655055
0.474824
0.377638
0.245728
0.229704
2.012461
1.870439
0.650509
1.024556
0.700297
0.641149
0.509259
0.316231
0.230053
0.17562
1.744369
1.508586
1.280658
0.82061
0.769586
0.573696
0.350338
0.253289
0.172275
0.183533
1.491553
1.536789
0.740335
0.497685
0.40921
0.340698
0.42217
0.320019
0.187514
0.147698
1.142672
1.179334
1.130668
0.702728
0.620743
0.460195
0.451644
0.253428
0.286599
0.246887
2.237724
2.346809
1.152592
0.907098
0.80904
0.690095
0.471818
0.407387
0.288512
0.210368
1.871138
1.529773
1.225383
0.7984
0.706171
0.516148
0.485972
0.329704
0.229118
0.263959
2.592593
1.139893
0.658756
0.632693
0.652012
0.584577
0.512134
0.300318
0.226397
0.185909
2.09991
0.882589
1.069167
0.512263
0.612909
0.60173
0.505815
0.292102
0.252741
0.20706
1.63939
1.381068
0.960058
0.972222
0.695666
0.613423
0.419224
0.333799
0.269545
0.226143
1.854684
2.213594
1.309457
0.939912
0.820244
0.600047
0.589319
0.36987
0.282001
0.253233
1.399735
2.165064
1.067521
0.784404
0.663552
0.603434
0.555423
0.330095
0.295229
0.20246
2.405626
2.529822
1.213269
0.832584
0.776617
0.678366
0.58244
0.356715
0.176836
0.145855
2.03125
1.72251
0.799936
0.743597
0.64287
0.546351
0.465815
0.301333
0.256501
0.194011
2.405626
1.712016
1.328196
0.724449
0.741325
0.459518
0.49029
0.301398
0.241689
0.163029
1.615983
1.702294
1.160137
0.876097
0.664098
0.546307
0.413103
0.271355
0.20373
0.137976
2.699746
1.631852
0.698771
0.428946
0.655114
0.421919
0.276419
0.342392
0.184624
0.179992
0.901291
2.237724
0.932419
0.592519
0.529582
0.595107
0.41946
0.310098
0.205765
0.206909
1.615983
2.1875
1.185854
0.835762
0.68942
0.461445
0.545522
0.305545
0.279223
0.202526
1.83324
1.734874
1.134873
0.96225
0.561707
0.595362
0.378952
0.441336
0.279223
0.222518
1.30444
2.14002
1.274618
0.784404
0.676313
0.485333
0.428893
0.316
0.270092
0.229864
2.466911
1.664855
1.07872
0.680387
0.629418
0.538002
0.428906
0.318443
0.232788
0.205068
1.552354
2.405626
1.2441
0.883883
0.700297
0.605861
0.47512
0.366414
0.270293
0.2061
1.687341
1.813169
1.332555
1.02774
0.747088
0.621992
0.554846
0.362846
0.249727
0.172028
1.813169
1.257008
0.901291
0.926995
0.640942
0.587538
0.568318
0.362744
0.222739
0.17533
1.584015
2.592593
0.972222
0.754804
0.679191
0.541422
0.493588
0.3161
0.259178
0.203616
1.412341
1.491553
1.142735
0.583312
0.655213
0.65984
0.460195
0.357591
0.251245
0.234853
1.841279
2.65165
1.152592
0.63
0.616625
0.534609
0.555423
0.376618
0.262587
0.215856
1.903827
2.592593
1.325825
0.839586
0.655055
0.576296
0.443614
0.391055
0.281184
0.206105
2.466911
1.134023
1.180826
0.830123
0.624321
0.556572
0.537406
0.336741
0.212604
0.20625
1.257008
2.592593
0.831306
0.673885
0.651203
0.390533
0.39354
0.24425
0.229576
0.159849
0.775878
1.390493
1.357727
0.607119
0.706911
0.597501
0.402911
0.239899
0.187394
0.175062
2.405626
1.870439
0.901291
0.952734
0.714605
0.640873
0.485371
0.307523
0.222084
0.179758
1.997352
2.466911
1.360828
0.753553
0.666252
0.644168
0.478854
0.370082
0.266593
0.205774
1.63939
1.536789
0.925213
1.026463
0.597543
0.652012
0.467918
0.363136
0.329532
0.213323
2.699746
2.012461
1.25
0.79561
0.64142
0.51432
0.469637
0.326708
0.239633
0.173079
2.346809
1.68
1.112602
0.88
0.63
0.466865
0.375651
0.238542
0.171471
0.137318
1.974352
0.725126
1.207363
0.576296
0.543161
0.499498
0.441942
0.319312
0.224921
0.221932
1.974352
1.564304
1.096405
0.781216
0.682988
0.554168
0.594006
0.455049
0.301192
0.215805
2.405626
2.290811
1.203704
0.802331
0.631376
0.597845
0.44331
0.378008
0.240811
0.214411
1.900658
0.873204
0.944534
0.872039
0.751287
0.635551
0.569343
0.341142
0.267973
0.159027
1.810303
2.290811
1.360828
0.984932
0.57
0.509669
0.365638
0.303795
0.21539
0.165025
1.643168
2.290811
0.597319
0.380462
0.680803
0.480599
0.491046
0.320089
0.252945
0.175498
2.237724
2.592593
1.270582
0.751287
0.425628
0.450102
0.492597
0.300493
0.182158
0.216644
2.052667
1.701035
1.159443
0.977507
0.648519
0.592912
0.459236
0.32138
0.263827
0.223659
1.067269
1.58231
0.930642
0.839586
0.718755
0.523717
0.580745
0.372707
0.289079
0.231836
1.964186
2.14002
1.207363
0.906779
0.756015
0.48059
0.491972
0.325002
0.266638
0.170939
2.529822
2.65165
1.356732
0.819585
0.811899
0.579801
0.381066
0.286211
0.180533
0.185747
1.513223
1.871138
0.894427
0.89646
0.557229
0.400732
0.418998
0.186173
0.239046
0.16605
2.529822
1.64746
1.328196
1.002265
0.529211
0.606027
0.486983
0.289914
0.215139
0.133647
2.65165
2.133462
1.102167
1.028461
0.685641
0.505076
0.401153
0.417256
0.226049
0.190727
1.103087
2.529822
0.933075
0.705453
0.533002
0.624173
0.436815
0.329655
0.20355
0.188599
1.841279
2.405626
1.195316
0.844211
0.739741
0.529902
0.420917
0.272236
0.219317
0.164142
1.099408
2.592593
1.350873
0.907934
0.649005
0.640684
0.604787
0.404046
0.320898
0.219048
2.529822
2.1875
1.059256
0.952279
0.591111
0.550403
0.549448
0.365055
0.241549
0.227202
1.68
1.931922
1.264911
0.952279
0.75308
0.650679
0.509069
0.406025
0.311287
0.243169
1.811177
1.435185
1.359877
0.958374
0.790569
0.560165
0.465703
0.354938
0.3175
0.216461
2.290811
1.423025
1.111111
0.881565
0.702451
0.650514
0.556572
0.391039
0.273712
0.237757
2.290811
2.237724
1.210578
0.650578
0.592628
0.491412
0.428502
0.358896
0.265818
0.21323
1.202813
2.290811
1.2441
0.832427
0.69
0.616157
0.573727
0.358359
0.241341
0.145743
2.529822
1.766526
1.349873
0.7984
0.537316
0.52048
0.406697
0.302222
0.1975
0.149292
1.687341
2.1875
0.952734
0.817685
0.603726
0.501999
0.421144
0.279093
0.218217
0.15487
1.545425
2.290811
1.155236
0.787172
0.537351
0.384923
0.430768
0.313105
0.211089
0.219354
1.354931
2.405626
0.932945
0.67
0.529628
0.614771
0.55113
0.406284
0.283519
0.247692
1.997352
2.346809
1.359877
0.848294
0.740382
0.572732
0.417226
0.381802
0.256987
0.174572
1.175645
2.052667
1.089788
1.008815
0.819585
0.715336
0.63172
0.339804
0.281272
0.237071
2.65165
1.841279
0.952734
0.875244
0.708216
0.527046
0.493014
0.334273
0.261148
0.161605
1.435185
1.997352
0.86542
0.839921
0.551648
0.453202
0.431797
0.322988
0.214582
0.208967
1.744369
1.25
1.082532
0.877418
0.614919
0.502735
0.503969
0.329892
0.223406
0.1952
2.405626
2.592593
1.159069
0.993014
0.662995
0.524025
0.473717
0.299221
0.239899
0.24057
1.2441
1.810303
1.157407
0.869192
0.700904
0.646428
0.577948
0.355073
0.257556
0.220097
1.472756
1.974352
1.204928
0.820341
0.725819
0.619266
0.427146
0.342022
0.286258
0.230159
1.997352
2.466911
1.020408
0.641479
0.623681
0.624173
0.480261
0.342924
0.308923
0.206221
2.592593
2.052667
1.043346
0.812917
0.658786
0.639473
0.450789
0.315738
0.245765
0.187247
1.938188
2.1875
0.961665
0.817685
0.700904
0.449139
0.504507
0.28587
0.171082
0.155777
1.190697
1.462782
1.210578
0.813309
0.538758
0.4159
0.299881
0.268175
0.216863
0.166671
2.052667
2.699746
1.032796
0.927554
0.763604
0.608312
0.388763
0.356934
0.287645
0.206401
2.095131
2.237724
1.360828
0.99195
0.679938
0.632697
0.483823
0.355131
0.289158
0.220796
2.290811
1.871138
1.238006
0.925092
0.766835
0.624204
0.414681
0.384391
0.30094
0.230285
1.235541
2.346809
1.190724
0.650578
0.724471
0.622717
0.508421
0.348927
0.227675
0.15563
2.012461
2.592593
0.808036
0.632591
0.79196
0.49029
0.517572
0.253466
0.248547
0.204228
2.405626
1.451455
1.024158
0.907098
0.73742
0.496402
0.384596
0.31524
0.186102
0.182909
1.903827
2.03125
0.54173
0.565625
0.759929
0.51576
0.456835
0.28688
0.283511
0.229039
1.448836
1.931922
1.024158
0.907934
0.766835
0.62848
0.534102
0.359893
0.261136
0.216764
2.592593
1.63939
1.022446
0.679513
0.690785
0.605624
0.408163
0.321964
0.292505
0.203447
1.564304
2.290811
1.218917
0.799204
0.754458
0.61
0.379473
0.395717
0.29208
0.199636
2.529822
2.466911
1.074802
0.839921
0.645941
0.4832
0.506882
0.388638
0.225362
0.193854
2.346809
1.366075
1.36
0.649038
0.68942
0.593222
0.585607
0.279336
0.22416
0.163186
2.405626
2.290811
1.134873
0.855264
0.568292
0.524025
0.493588
0.271138
0.191321
0.154831
1.52
1.396078
1.010766
0.697889
0.606339
0.432508
0.480892
0.333799
0.254949
0.17058
2.237724
2.405626
1.332555
0.624778
0.700904
0.62527
0.527807
0.31006
0.274416
0.208401
1.871138
2.699746
1.026935
1.024158
0.579589
0.628049
0.442615
0.364093
0.24399
0.214578
1.841279
2.09991
0.723883
0.76636
0.79196
0.60053
0.522773
0.424087
0.255535
0.204445
1.63939
1.903827
1.280658
0.907098
0.684796
0.570222
0.482198
0.336239
0.240752
0.129534
2.466911
1.659444
1.341641
0.796113
0.607415
0.578658
0.571684
0.27509
0.219446
0.118864
1.938188
2.346809
1.270582
0.477982
0.664551
0.614517
0.42514
0.230704
0.187768
0.141829
2.1875
1.631852
0.769604
0.859784
0.498945
0.5
0.341175
0.313288
0.244327
0.192539
2.405626
2.1875
0.766835
0.838775
0.727355
0.723612
0.489834
0.337954
0.29321
0.23415
2.529822
1.602039
1.157407
0.820341
0.777513
0.565952
0.484248
0.292204
0.301192
0.211984
2.466911
2.03125
1.126316
0.880053
0.680299
0.409655
0.466617
0.335353
0.258498
0.229035
2.290811
1.870439
1.159655
0.853735
0.640684
0.6281
0.472635
0.314908
0.210979
0.181992
1.974352
1.854684
1.170338
0.959354
0.727354
0.513058
0.404242
0.295274
0.212357
0.223766
2.1875
1.734874
0.986726
0.80904
0.581259
0.592912
0.524196
0.356628
0.236107
0.199901
2.1875
2.405626
0.860284
0.845481
0.601854
0.488251
0.46875
0.354927
0.266989
0.211227
1.875
1.552354
1.325825
0.666252
0.75308
0.583545
0.586026
0.447172
0.306974
0.207096
2.237724
2.65165
1.2
0.785616
0.592304
0.518364
0.536656
0.362513
0.271156
0.216644
2.529822
2.65165
1.104644
0.851151
0.712747
0.63957
0.545279
0.393083
0.3056
0.200251
1.506367
1.734874
1.270582
0.699482
0.75308
0.6
0.560661
0.322908
0.290086
0.161093
2.03125
0.982093
0.946729
0.79561
0.855264
0.583545
0.390686
0.316754
0.236181
0.17177
2.529822
2.592593
0.860571
0.754404
0.595362
0.404007
0.43937
0.289334
0.175864
0.176387
2.65165
1.266019
1.109936
0.610653
0.699934
0.472889
0.421835
0.290112
0.215081
0.174863
2.405626
1.366075
0.815005
0.797531
0.43543
0.465102
0.435293
0.307392
0.258199
0.2086
1.138906
1.153172
1.266019
0.600714
0.683598
0.68942
0.614375
0.385101
0.263918
0.218433
1.478106
1.903827
1.284012
0.736605
0.680299
0.527508
0.537106
0.357939
0.285257
0.234972
1.786086
1.813169
1.160137
0.725204
0.754673
0.596807
0.484455
0.42548
0.230851
0.187762
2.346809
2.14002
1.086674
0.905097
0.768176
0.528001
0.479257
0.357347
0.246778
0.195154
2.405626
2.529822
1.207451
0.70204
0.510559
0.545279
0.53016
0.318085
0.23771
0.197341
1.702294
1.615983
1.046518
0.816327
0.585938
0.62969
0.492597
0.338733
0.241307
0.169724
2.03125
2.592593
1.131439
0.77338
0.630013
0.642006
0.566406
0.342366
0.245164
0.183043
1.421829
2.290811
1.203704
0.881565
0.602101
0.575758
0.467669
0.335054
0.282533
0.20984
1.092158
2.529822
1.015889
0.99195
0.532154
0.703125
0.63836
0.409589
0.270582
0.248479
1.903827
2.466911
1.357727
1.018519
0.671408
0.697889
0.561156
0.436486
0.236367
0.221524
2.699746
2.592593
1.332555
0.6415
0.669001
0.603491
0.507726
0.359895
0.294068
0.210089
2.133462
1.600822
1.062142
0.973729
0.655485
0.644168
0.470872
0.315078
0.151924
0.203597
1.701035
2.699746
0.839586
0.933381
0.698039
0.620428
0.446126
0.296905
0.20073
0.167184
2.699746
1.710667
0.631235
0.802572
0.654729
0.512046
0.443856
0.28917
0.218186
0.16442
2.529822
2.529822
1.059256
0.859375
0.673885
0.444828
0.444772
0.378
0.241901
0.197347
2.237724
1.584015
1.350873
0.909155
0.734638
0.542468
0.451862
0.367568
0.265631
0.186874
1.938188
1.6
0.918472
0.862229
0.58309
0.458299
0.468301
0.321465
0.246133
0.179385
1.788854
1.938188
1.360828
0.743597
0.662028
0.642006
0.450463
0.318156
0.209467
0.193562
1.231755
1.63939
1.212383
0.896487
0.714707
0.489898
0.37683
0.297372
0.175358
0.179292
1.42668
2.012461
1.086229
0.78125
0.545218
0.618461
0.546862
0.339847
0.264767
0.229958
2.346809
1.964186
0.784056
1.02788
0.544421
0.536656
0.595504
0.34175
0.294355
0.23568
2.529822
1.900658
1.261019
0.773001
0.505341
0.648797
0.458983
0.36649
0.230222
0.230539
2.290811
2.14002
1.160137
0.614268
0.831617
0.532508
0.432261
0.360959
0.257214
0.232355
2.529822
1.049483
0.684732
0.854914
0.691272
0.536983
0.513551
0.382609
0.276699
0.2138
2.529822
2.529822
0.81763
0.99037
0.49664
0.674455
0.622059
0.38663
0.278572
0.206373
2.529822
2.592593
0.996118
0.657672
0.732783
0.569508
0.506942
0.366079
0.285181
0.167186
1.513223
1.173404
0.94215
0.769047
0.65
0.603491
0.482528
0.394673
0.27276
0.21229
2.699746
1.766526
0.962743
0.896487
0.768648
0.508237
0.513145
0.357672
0.276864
0.226401
1.974352
2.699746
1.030442
0.648699
0.73657
0.628366
0.425487
0.344427
0.264579
0.15923
2.405626
2.14002
1.266019
0.554423
0.626935
0.619494
0.510995
0.354038
0.200689
0.15795
2.290811
2.592593
1.216625
0.796113
0.39881
0.338945
0.430295
0.259007
0.267285
0.155548
2.237724
2.699746
1.341641
1.014185
0.475933
0.527899
0.322251
0.313484
0.244201
0.154986
2.529822
2.290811
1.350873
0.906721
0.643145
0.471371
0.586766
0.402911
0.27937
0.247232
2.529822
2.1875
1.356732
0.962099
0.753371
0.652012
0.617582
0.373493
0.269311
0.242573
2.529822
2.012461
1.066553
0.988212
0.641415
0.677424
0.659896
0.366721
0.271976
0.212511
2.14002
1.142672
1.210578
0.785196
0.689073
0.61054
0.548386
0.368035
0.251255
0.215856
2.346809
2.237724
1.360828
0.769604
0.567504
0.517115
0.462885
0.380407
0.222207
0.138564
1.600822
1.388889
1.096405
0.815988
0.700062
0.64287
0.509686
0.322341
0.201942
0.190037
2.529822
2.095131
1.350873
0.932419
0.74476
0.581883
0.391806
0.242626
0.180422
0.158725
1.72251
2.1875
1.10858
0.734638
0.51085
0.485755
0.434028
0.335501
0.239127
0.168941
2.065591
2.405626
1.207451
0.752186
0.644531
0.659938
0.568111
0.315532
0.238894
0.243492
2.237724
2.699746
1.152626
0.739783
0.656433
0.72937
0.497685
0.359756
0.278711
0.241866
1.506367
1.615983
0.920682
0.820312
0.725126
0.63957
0.479719
0.431682
0.27087
0.222916
2.529822
2.052667
1.216681
0.882589
0.491383
0.59357
0.495735
0.352423
0.268261
0.212907
1.266019
1.63939
1.142735
0.986726
0.682269
0.480186
0.473836
0.361481
0.247529
0.245476
1.997352
2.1875
1.341641
0.769351
0.591528
0.614517
0.438768
0.369156
0.217641
0.145479
2.290811
2.592593
1.206869
0.785125
0.648797
0.493724
0.402911
0.332182
0.241723
0.147394
2.466911
2.592593
1.34469
0.917596
0.744843
0.566922
0.589256
0.335536
0.232478
0.210153
2.592593
2.65165
1.152592
0.860284
0.683038
0.563465
0.527344
0.259821
0.283369
0.18311
2.346809
1.529773
1.190724
0.685253
0.557129
0.523374
0.417847
0.348528
0.255509
0.215808
2.699746
2.529822
1.130668
0.679938
0.769748
0.573978
0.535137
0.326851
0.252144
0.224142
2.290811
2.012461
0.834779
0.907098
0.632456
0.624085
0.49824
0.288546
0.309049
0.242513
2.1875
2.052667
0.885499
0.918472
0.752938
0.557129
0.455376
0.396683
0.294449
0.238202
1.766526
1.409373
1.082532
0.713217
0.763604
0.580142
0.474925
0.383712
0.274861
0.236043
1.84
1.781945
1.157407
0.838175
0.838505
0.58554
0.582747
0.291411
0.216131
0.142857
2.65165
2.466911
1.303952
0.691177
0.47395
0.465102
0.562183
0.250137
0.23604
0.177015
1.125362
2.529822
1.145405
0.988212
0.543493
0.573978
0.438768
0.236713
0.25556
0.179422
1.288533
1.76
1.259822
0.665449
0.648984
0.466508
0.424929
0.352172
0.246452
0.197087
1.664855
1.76
0.93218
0.820541
0.550788
0.527597
0.441942
0.327906
0.213158
0.184722
2.529822
1.974352
1.350873
0.829347
0.680386
0.487248
0.532981
0.347482
0.233982
0.224136
1.964186
2.592593
1.16493
0.962088
0.73
0.639473
0.443237
0.388586
0.26212
0.231966
2.290811
2.592593
1.328196
0.95084
0.792366
0.632456
0.498484
0.367915
0.284743
0.218406
1.558699
2.592593
1.082532
0.799925
0.623971
0.656845
0.429692
0.349644
0.298019
0.229997
2.529822
2.466911
0.952768
0.907256
0.703833
0.554541
0.488412
0.360624
0.227931
0.15067
1.68
1.811177
0.785674
0.802508
0.416684
0.489762
0.391828
0.267384
0.171354
0.121124
1.690432
1.460593
0.548706
0.767678
0.34742
0.349019
0.276673
0.217746
0.176181
0.141077
1.811177
2.14002
0.73742
0.452486
0.524051
0.292389
0.335275
0.239101
0.19934
0.156139
1.931922
2.405626
1.213269
0.619964
0.608332
0.431388
0.499651
0.259996
0.163921
0.163094
0.851151
1.02194
0.661942
0.457288
0.554777
0.428249
0.44813
0.380125
0.302608
0.212097
1.702294
1.199668
0.959354
0.50695
0.513024
0.593585
0.514898
0.39582
0.306192
0.225361
0.702244
1.903827
1.338877
0.926995
0.582133
0.532508
0.572732
0.363497
0.257488
0.260631
2.012461
1.506367
0.853735
0.800592
0.796599
0.624204
0.526235
0.41703
0.277641
0.220862
2.1875
2.290811
1.2441
0.818596
0.769306
0.52384
0.621557
0.356105
0.280506
0.226593
2.165064
2.699746
1.275776
0.880053
0.54729
0.657354
0.607415
0.349854
0.235273
0.190782
1.813169
1.513223
0.839586
0.962088
0.679171
0.605624
0.493765
0.333353
0.223727
0.167778
1.584015
1.710667
1.214886
0.833556
0.572887
0.635551
0.413223
0.300178
0.23694
0.194483
1.84
2.14002
1.134873
0.727359
0.668138
0.6
0.457153
0.35081
0.249794
0.170688
2.14002
1.938188
1.022391
0.775878
0.505995
0.472845
0.467521
0.346909
0.270647
0.210819
2.290811
2.466911
0.744203
0.725268
0.735391
0.497834
0.498482
0.289288
0.263109
0.227824
2.65165
2.052667
0.924703
0.948683
0.726722
0.532366
0.404522
0.377299
0.306974
0.237805
2.65165
2.65165
1.057586
0.957619
0.674667
0.561022
0.478146
0.421893
0.213783
0.229425
1.900658
1.734874
1.278019
0.7698
0.65
0.62181
0.417014
0.424931
0.268644
0.2347
2.14002
1.295099
1.190697
0.839146
0.608312
0.625288
0.610815
0.371857
0.242131
0.213299
1.813169
2.466911
1.341641
0.783309
0.73833
0.555423
0.518389
0.285095
0.187194
0.164923
2.529822
1.58231
0.989949
0.820244
0.679657
0.483692
0.53
0.263959
0.225727
0.152917
1.30444
1.347662
1.16493
0.566098
0.559507
0.532803
0.408144
0.33291
0.218366
0.176139
2.133462
1.702294
1.152592
0.88
0.707107
0.572992
0.534303
0.350215
0.210325
0.199558
2.290811
2.19281
1.206869
0.754167
0.673844
0.491493
0.498074
0.270942
0.208284
0.240903
2.290811
2.592593
1.359877
1.02774
0.696452
0.677424
0.53028
0.330095
0.270735
0.233222
1.701035
1.677051
1.199668
0.714216
0.788041
0.488799
0.586744
0.35457
0.283958
0.204116
1.466261
2.290811
1.107872
0.701415
0.668138
0.616625
0.565259
0.325947
0.258887
0.221574
1.744369
2.095131
1.190724
0.981866
0.705614
0.602677
0.5843
0.398968
0.261243
0.223813
2.529822
1.918709
0.866476
0.904959
0.623681
0.678875
0.453526
0.383397
0.259935
0.191552
2.592593
2.346809
1.249122
0.700922
0.691016
0.561556
0.47648
0.298283
0.235698
0.20055
1.354278
1.133441
0.957549
0.794373
0.71334
0.456244
0.474824
0.359091
0.244725
0.180208
2.405626
2.466911
1.341641
0.926995
0.490507
0.498074
0.494633
0.270729
0.232095
0.191424
1.063944
2.529822
1.328196
0.65588
0.623277
0.568658
0.469816
0.321987
0.235211
0.185755
2.1875
2.405626
1.17856
0.907098
0.59151
0.592559
0.384802
0.338062
0.271922
0.201262
2.529822
2.466911
1.175645
0.933075
0.766835
0.699934
0.447619
0.395367
0.237962
0.228857
2.405626
2.1875
1.275776
0.658756
0.769368
0.695507
0.521435
0.391828
0.263188
0.221384
2.65165
1.854684
1.10858
0.96225
0.701834
0.706109
0.406039
0.396716
0.270919
0.232626
2.65165
2.052667
1.274618
0.882917
0.614396
0.468001
0.492702
0.429081
0.216741
0.21375
1.754835
2.65165
0.988212
0.931622
0.855264
0.624401
0.51097
0.30394
0.258353
0.236766
2.466911
2.466911
1.170338
0.616078
0.568923
0.631001
0.430022
0.290279
0.202247
0.160952
1.974352
2.65165
0.799204
0.918472
0.387708
0.454089
0.442769
0.239335
0.226698
0.147595
2.209709
2.346809
0.986726
0.622292
0.447814
0.362479
0.412397
0.387144
0.184006
0.134744
2.405626
2.529822
0.962088
0.695246
0.644168
0.412365
0.507595
0.291466
0.183596
0.136415
2.290811
2.065591
1.049563
0.599749
0.640803
0.476731
0.499719
0.233876
0.178034
0.173481
1.361901
2.405626
0.605994
0.595107
0.431332
0.365621
0.40032
0.32777
0.250957
0.232411
2.065591
2.237724
1.034587
0.968246
0.732783
0.555973
0.399291
0.386891
0.243833
0.241645
1.6
1.854684
1.093189
0.801166
0.701834
0.60534
0.481401
0.369226
0.261958
0.202543
2.592593
2.290811
1.074802
0.906259
0.744843
0.539728
0.503381
0.362257
0.263313
0.23655
1.210369
2.1875
1.207363
0.933015
0.52109
0.601857
0.59357
0.356688
0.272521
0.211149
1.496834
2.699746
1.217161
0.603244
0.68768
0.540229
0.486128
0.358552
0.242464
0.185137
1.558699
1.63939
1.360828
0.906064
0.596947
0.553065
0.433614
0.316754
0.18332
0.193309
2.346809
2.14002
1.332555
0.597845
0.638199
0.491153
0.513167
0.309913
0.195322
0.206116
2.1875
1.089788
1.024158
0.829347
0.725819
0.537656
0.481125
0.302983
0.259812
0.192789
2.699746
1.72251
0.796113
0.728863
0.683594
0.485224
0.466198
0.30769
0.223837
0.213327
1.508586
2.592593
1.282379
0.554777
0.77338
0.477276
0.551703
0.230165
0.228813
0.182619
2.1875
2.052667
0.993014
0.888643
0.604812
0.378223
0.548202
0.319497
0.247692
0.248432
1.931922
1.744369
1.00802
0.8613
0.674667
0.472635
0.403208
0.364579
0.269451
0.245765
1.52
2.237724
1.099408
0.960681
0.752186
0.608515
0.538194
0.327364
0.27691
0.218331
1.974352
2.65165
1.21534
0.855334
0.700297
0.572703
0.484598
0.321003
0.278966
0.233014
2.405626
2.165064
1.229837
0.901291
0.714404
0.644531
0.52321
0.379588
0.273279
0.255223
2.290811
2.405626
0.895421
0.985404
0.765838
0.509727
0.528677
0.435194
0.275568
0.238762
1.810303
2.095131
1.325825
0.800592
0.669999
0.654729
0.509069
0.414087
0.268683
0.166838
2.065591
1.619848
0.975971
0.93352
0.65984
0.502445
0.529189
0.398496
0.259275
0.192161
2.1875
1.900658
1.066553
0.929525
0.720044
0.62201
0.543951
0.377673
0.21202
0.189816
1.25
1.871138
1.049563
0.904703
0.811899
0.477817
0.405167
0.304056
0.199106
0.186337
2.052667
1.437048
1.106797
0.839146
0.575758
0.552941
0.453967
0.290954
0.181047
0.168733
2.466911
2.237724
1.195316
0.728863
0.711136
0.590951
0.400171
0.27274
0.258199
0.198832
1.701035
1.63939
0.939177
0.801315
0.62348
0.568651
0.358734
0.38234
0.258498
0.255959
2.405626
1.766526
1.152626
0.767678
0.706044
0.566864
0.535137
0.310922
0.261342
0.211986
2.052667
2.466911
1.204928
0.785619
0.653237
0.650222
0.491866
0.430011
0.256155
0.221972
2.012461
2.699746
1.350873
0.855264
0.538194
0.563468
0.510055
0.389545
0.291096
0.206463
1.903827
2.699746
1.350873
0.858404
0.73833
0.512742
0.456021
0.362787
0.26718
0.214833
2.405626
1.148299
1.21534
0.925926
0.740741
0.578235
0.532981
0.402911
0.280852
0.200832
2.529822
1.997352
1.059256
0.790025
0.580259
0.667879
0.450839
0.299566
0.258168
0.259178
2.529822
2.592593
1.203704
0.905562
0.656618
0.664098
0.606803
0.23101
0.216783
0.130847
2.095131
1.448836
1.065428
0.925092
0.664551
0.471771
0.483508
0.28688
0.168716
0.196056
2.03125
1.766526
0.989949
0.63994
0.548386
0.301049
0.462639
0.305345
0.206284
0.145054
1.29195
1.744369
0.903287
0.570573
0.469563
0.568111
0.465732
0.330515
0.206649
0.169436
2.14002
2.65165
0.332657
0.772712
0.740741
0.373913
0.395086
0.290542
0.204228
0.13815
1.68
2.699746
0.643145
0.466538
0.690058
0.553399
0.319181
0.307486
0.190727
0.171857
0.655055
1.424272
1.356732
0.683594
0.516124
0.573978
0.513058
0.245013
0.313698
0.232004
2.466911
2.466911
1.338877
0.99195
0.715336
0.483811
0.473836
0.407849
0.306231
0.208202
1.938188
1.68
1.185854
0.95991
0.726722
0.586657
0.530493
0.373356
0.29125
0.216446
2.237724
1.343968
1.225383
0.929525
0.714742
0.658756
0.557657
0.413313
0.29208
0.212874
2.346809
2.346809
1.214886
0.872039
0.614268
0.620667
0.489834
0.363178
0.291858
0.2427
1.841279
2.012461
1.152626
0.869192
0.639721
0.524806
0.425997
0.41331
0.248948
0.218734
1.332965
1.49713
1.356732
0.783289
0.651737
0.633893
0.512046
0.373954
0.317322
0.191523
2.14002
2.012461
0.954113
0.882589
0.649721
0.422441
0.507545
0.350135
0.230504
0.166472
2.466911
2.346809
0.784404
0.965891
0.683594
0.560165
0.487858
0.298713
0.242149
0.188701
1.909009
2.405626
1.278019
0.673831
0.768781
0.47881
0.462861
0.325897
0.245902
0.160727
2.14002
2.237724
1.356732
1.024556
0.710915
0.62201
0.391303
0.273514
0.1996
0.200511
1.395989
1.436311
0.958932
0.869302
0.708709
0.520476
0.436477
0.264256
0.205321
0.177355
1.72251
2.346809
1.246959
0.742188
0.77935
0.535946
0.476731
0.308933
0.201311
0.16905
2.65165
2.529822
1.199668
0.596952
0.794373
0.617846
0.559507
0.367696
0.281614
0.24414
1.811177
1.584015
1.033221
0.933015
0.727023
0.494633
0.540229
0.405362
0.279908
0.229526
1.766526
1.766526
1.217161
0.922084
0.641415
0.464252
0.561588
0.326554
0.263976
0.226786
2.290811
2.65165
1.21534
0.954504
0.756015
0.573317
0.585455
0.414241
0.296169
0.241645
1.619848
2.592593
1.283001
0.839844
0.69282
0.572915
0.478688
0.387763
0.275748
0.244157
2.592593
1.871138
1.166181
0.959354
0.614375
0.582133
0.599397
0.399179
0.243003
0.223585
1.68
1.58231
1.134873
0.880807
0.656845
0.692901
0.595504
0.340986
0.269568
0.205526
2.699746
2.1875
1.274618
0.753803
0.754167
0.610653
0.551622
0.266667
0.244005
0.188636
2.346809
1.424272
0.844995
0.906721
0.589256
0.629715
0.409512
0.255356
0.246133
0.177504
2.290811
2.65165
0.962088
0.820341
0.705157
0.605624
0.483824
0.349364
0.272236
0.199213
2.14002
1.63939
1.341641
0.926612
0.686458
0.462201
0.418399
0.357922
0.224217
0.193124
2.346809
1.44
1.280658
0.925926
0.655213
0.585033
0.524044
0.268367
0.272761
0.226452
2.699746
1.997352
1.069167
0.833333
0.626631
0.575712
0.532581
0.335992
0.261461
0.200325
2.699746
2.699746
0.613251
0.59397
0.662028
0.538051
0.439839
0.344349
0.251247
0.192442
2.405626
2.529822
1.25
0.765466
0.509117
0.552158
0.552941
0.375164
0.262799
0.177807
2.592593
2.592593
1.284012
0.790072
0.669001
0.560688
0.583312
0.36723
0.232156
0.218112
2.052667
2.529822
1.142735
0.980654
0.802331
0.611944
0.479283
0.330921
0.249062
0.246983
2.095131
2.592593
1.28
0.957619
0.639076
0.548363
0.596305
0.391227
0.282455
0.230874
2.592593
1.664855
0.769351
0.85701
0.625436
0.717137
0.453557
0.392456
0.247313
0.233641
1.964186
1.295099
1.033221
0.883022
0.673844
0.582747
0.488643
0.339727
0.270307
0.233658
1.472756
1.900658
1.360828
0.849751
0.65041
0.431193
0.496081
0.36018
0.316849
0.220842
1.841279
2.1875
1.283001
1.018234
0.680299
0.721487
0.504
0.380648
0.266391
0.232093
2.592593
2.699746
1.142735
0.733571
0.649384
0.499651
0.508099
0.415574
0.283811
0.246883
1.506367
2.03125
1.204928
0.952279
0.739053
0.677424
0.464992
0.340978
0.236823
0.157134
2.529822
1.024195
1.029687
0.802042
0.586437
0.572732
0.449013
0.306008
0.25376
0.185082
2.405626
2.529822
1.246959
0.655485
0.548628
0.558665
0.288151
0.331051
0.236003
0.180327
2.095131
2.237724
1.106797
0.528005
0.58554
0.494067
0.504507
0.301496
0.253906
0.180827
1.701035
2.529822
0.818596
0.862229
0.556615
0.667014
0.365436
0.370335
0.198085
0.168762
2.529822
2.529822
1.246959
0.856008
0.697889
0.655114
0.464714
0.343354
0.218526
0.179323
2.699746
2.699746
0.980581
0.939177
0.691618
0.486524
0.52048
0.337357
0.215815
0.193906
2.237724
2.65165
1.350873
1.018519
0.670554
0.513611
0.497443
0.333298
0.234227
0.174204
1.381068
1.875
1.309457
0.6
0.61054
0.592559
0.512263
0.325111
0.233299
0.183481
2.65165
1.58231
0.78125
0.922084
0.655485
0.625288
0.51499
0.326459
0.204767
0.188824
1.659444
2.466911
0.985404
0.642025
0.614689
0.559503
0.539069
0.376301
0.269345
0.230222
2.346809
1.506367
1.185854
0.624316
0.777513
0.63172
0.538711
0.307476
0.315192
0.204219
2.012461
1.176785
0.952768
0.740382
0.822304
0.559503
0.530501
0.270491
0.264546
0.205636
0.877572
2.14002
1.278019
0.783884
0.660074
0.678067
0.416194
0.344271
0.278203
0.244934
1.870439
2.14002
1.278019
0.880807
0.851151
0.578658
0.514193
0.372252
0.26584
0.222053
2.012461
1.931922
1.360828
0.905562
0.572703
0.645941
0.63
0.349887
0.275655
0.21428
1.84
2.095131
1.082532
0.877784
0.650578
0.64037
0.537351
0.348319
0.321412
0.216936
2.1875
2.290811
1.121841
0.830098
0.592628
0.644075
0.536662
0.360918
0.273161
0.202859
1.997352
1.851852
1.31877
0.919914
0.650391
0.622717
0.472173
0.395209
0.268089
0.241796
2.592593
1.997352
1.105672
1.008815
0.696786
0.59151
0.537785
0.356686
0.264947
0.216813
2.405626
1.813169
0.948834
0.680414
0.828173
0.489165
0.379791
0.322324
0.239405
0.185669
1.710667
1.841279
0.929947
0.557657
0.571336
0.522699
0.436412
0.233154
0.239148
0.185183
2.592593
1.909009
1.022391
0.72036
0.650538
0.549129
0.479955
0.361397
0.249447
0.164764
1.238006
1.52
1.110804
0.788041
0.546104
0.525692
0.418091
0.321905
0.18046
0.145091
1.701035
2.699746
1.278019
0.926612
0.561556
0.618464
0.444002
0.297927
0.256682
0.18568
1.900658
1.506367
0.90211
0.906721
0.671408
0.42764
0.477276
0.328805
0.245936
0.173208
2.529822
1.44843
0.906779
0.944346
0.631764
0.557645
0.596947
0.224683
0.181887
0.168116
2.095131
2.1875
1.028479
0.927554
0.459899
0.520942
0.486423
0.330418
0.218565
0.228925
2.592593
2.133462
1.266019
0.914188
0.682269
0.57
0.442769
0.297137
0.24177
0.176961
2.1875
2.529822
1.284012
0.890829
0.747088
0.541266
0.401585
0.3424
0.260572
0.176455
1.68
1.564304
1.185854
0.746712
0.619266
0.542205
0.525223
0.308737
0.266039
0.237685
2.466911
2.290811
1.207363
0.691271
0.547976
0.661978
0.580049
0.408558
0.270879
0.221255
2.529822
2.529822
1.082532
0.988212
0.594834
0.532154
0.633579
0.345837
0.263817
0.233524
1.029386
1.64746
1.231755
1.014185
0.581546
0.554848
0.476168
0.400859
0.284695
0.226999
1.931922
2.052667
0.957031
0.799204
0.769306
0.546862
0.593987
0.383727
0.308677
0.228673
2.095131
1.600822
1.225383
0.88218
0.666965
0.639076
0.538051
0.328373
0.292983
0.223297
1.371521
2.466911
1.149638
1.008815
0.693375
0.576246
0.554846
0.388638
0.25542
0.216034
1.744369
1.687341
1.185854
0.726821
0.540696
0.589849
0.538711
0.36615
0.273545
0.203494
2.165064
2.592593
1.34469
0.648006
0.642025
0.35667
0.56341
0.312391
0.271488
0.249615
1.336243
2.65165
0.805996
0.714605
0.739564
0.713306
0.537785
0.283737
0.213768
0.207204
1.813169
2.09991
0.992966
0.809924
0.755627
0.445892
0.575712
0.324969
0.252511
0.20736
2.529822
1.477023
1.309457
0.900018
0.709296
0.626631
0.383227
0.309339
0.236062
0.225063
2.529822
2.290811
1.131439
0.662028
0.711302
0.480324
0.390113
0.307378
0.223855
0.20355
1.734874
2.012461
0.961578
0.823694
0.612656
0.485399
0.408449
0.304982
0.210208
0.173099
2.699746
2.592593
1.280658
0.933075
0.521435
0.583496
0.529895
0.367661
0.242396
0.181826
1.897367
2.290811
1.275776
0.838006
0.799914
0.635001
0.48545
0.30105
0.244616
0.179109
2.529822
2.466911
1.055016
0.705157
0.648148
0.543337
0.46
0.324394
0.26315
0.190288
2.405626
2.699746
1.145405
0.833333
0.571407
0.475164
0.407771
0.30105
0.203334
0.187558
2.466911
2.699746
0.922084
0.850517
0.751596
0.484724
0.488355
0.307891
0.202303
0.170657
2.14002
2.529822
1.31877
0.539164
0.554411
0.441294
0.461831
0.318069
0.179018
0.167103
2.529822
2.237724
1.106797
0.807052
0.632961
0.474519
0.499953
0.366532
0.238918
0.183226
1.701035
1.964186
1.246959
0.658436
0.780225
0.545115
0.451311
0.29719
0.265399
0.192588
1.662612
1.786086
1.341641
0.5875
0.540151
0.542218
0.475164
0.308593
0.228288
0.168474
1.036684
1.371521
1.149638
0.828173
0.52
0.468089
0.452645
0.274066
0.201447
0.202881
1.744369
2.133462
0.708709
0.811329
0.77338
0.575712
0.568506
0.34822
0.305424
0.212624
1.622241
1.938188
1.018234
1.02194
0.768781
0.484481
0.50571
0.363355
0.317424
0.233748
2.290811
1.900658
1.157407
0.9375
0.614375
0.452656
0.557645
0.37521
0.283049
0.203418
2.65165
2.529822
1.360828
0.928201
0.739783
0.598081
0.568651
0.323812
0.237745
0.228286
1.870439
2.095131
0.935031
0.906064
0.746712
0.653126
0.523262
0.396211
0.31578
0.243106
2.052667
2.699746
1.137026
0.872039
0.811329
0.588042
0.488002
0.386328
0.233494
0.227365
2.346809
1.903827
1.282379
0.960681
0.767678
0.602101
0.61054
0.357284
0.272474
0.230476
1.039902
2.592593
0.885907
0.734385
0.811329
0.525598
0.616625
0.295949
0.266783
0.199339
2.095131
2.699746
1.005171
0.680307
0.691301
0.59902
0.563993
0.320068
0.246032
0.206652
1.026092
1.546796
0.538934
0.960977
0.68963
0.700297
0.595362
0.308061
0.287856
0.237745
1.924501
2.592593
1.332555
0.800781
0.623591
0.586988
0.542468
0.324048
0.283981
0.208923
1.841279
1.781945
1.109936
0.981866
0.608155
0.60633
0.502849
0.383319
0.268828
0.230758
1.893459
2.237724
0.973729
1.008815
0.740564
0.577274
0.502327
0.348953
0.279365
0.253509
1.425556
1.964186
1.275776
1.028461
0.549489
0.53028
0.438878
